ts_code_x	trade_date	open	high	low	close_x	pre_close	change	pct_chg	vol	amount	turnover_rate	turnover_rate_f	volume_ratio	pe	pe_ttm	pb	ps	ps_ttm	dv_ratio	dv_ttm	total_share	float_share	free_share	total_mv	circ_mv	open_close_chg
002918.SZ	20180502	15.8804	15.929	15.4692	15.6374	15.8019	-0.1645000000000003	-1.041	11160.72	46856.96599999999	2.8305	2.8305	0.53	21.866	21.5129	2.914	2.2829	2.261			15772.0	3943.0	3943.0	659742.76	164935.69	0.0
002918.SZ	20180503	15.6374	15.9439	15.5514	15.9028	15.6374	0.2653999999999996	1.6972	11382.8	48010.709	2.8868	2.8868	0.58	22.2371	21.8781	2.9635	2.3217	2.2994			15772.0	3943.0	3943.0	670940.88	167735.22	-0.002112835475513737
002918.SZ	20180504	15.8692	16.0262	15.7047	15.757	15.9028	-0.1457999999999994	-0.9168	10508.68	44613.023	2.6651	2.6651	0.58	22.0333	21.6775	2.9363	2.3004	2.2783			15772.0	3943.0	3943.0	664789.8	166197.45	0.0035603223963952975
002918.SZ	20180507	15.8131	16.1421	15.8131	16.0598	15.757	0.3027999999999995	1.9217	13501.23	57868.482	3.4241	3.4241	0.93	22.4567	22.0941	2.9927	2.3446	2.3221			15772.0	3943.0	3943.0	677565.12	169391.28	0.0009340091408361604
002918.SZ	20180508	16.0748	16.2579	16.0299	16.1308	16.0598	0.0710000000000015	0.4421	12125.86	52316.088	3.0753	3.0753	1.05	22.556	22.1918	3.006	2.355	2.3323			15772.0	3943.0	3943.0	680561.8	170140.45	0.00347781883105616
002918.SZ	20180509	16.1869	16.227999999999998	16.0374	16.1495	16.1308	0.018699999999999	0.1159	11722.28	50500.121	2.9729	2.9729	1.0	22.5821	22.2175	3.0094	2.3577	2.335			15772.0	3943.0	3943.0	681350.4	170337.6	0.0
002918.SZ	20180510	16.1495	16.4972	16.1495	16.4785	16.1495	0.3290000000000006	2.0372	21839.5	95632.106	5.5388	5.5388	1.84	23.0421	22.6701	3.0708	2.4057	2.3826			15772.0	3943.0	3943.0	695229.76	173807.44	-0.002494159055739305
002918.SZ	20180511	16.4374	16.4374	16.1196	16.1196	16.4785	-0.358900000000002	-2.178	14809.22	64453.319	3.7558	3.7558	1.06	22.5403	22.1764	3.0039	2.3533	2.3307			15772.0	3943.0	3943.0	680088.64	170022.16	0.0027854289188318534
002918.SZ	20180514	16.1645	16.3626	16.0374	16.1308	16.1196	0.0112000000000023	0.0695	10849.96	46990.506	2.7517	2.7517	0.73	22.556	22.1918	3.006	2.355	2.3323			15772.0	3943.0	3943.0	680561.8	170140.45	0.001624221985270373
002918.SZ	20180515	16.157	16.4972	16.1271	16.4411	16.1308	0.310299999999998	1.9236	16227.85	71036.952	4.1156	4.1156	1.14	22.9899	22.6187	3.0638	2.4003	2.3772			15772.0	3943.0	3943.0	693652.56	173413.14	-0.0011373934834043374
002918.SZ	20180516	16.4224	16.4748	16.2318	16.3065	16.4411	-0.1345999999999989	-0.8187	11292.7	49322.493	2.864	2.864	0.75	22.8017	22.4335	3.0387	2.3806	2.3577			15772.0	3943.0	3943.0	687974.64	171993.66	0.00023303590592719479
002918.SZ	20180517	16.3103	16.5832	16.3103	16.3701	16.3065	0.0636000000000009	0.39	12402.24	54507.068	3.1454	3.1454	0.83	22.8905	22.5209	3.0505	2.3899	2.3669			15772.0	3943.0	3943.0	690655.88	172663.97	0.00045815236314990644
002918.SZ	20180518	16.3776	16.5533	16.1121	16.385	16.3701	0.0149000000000008	0.091	12127.72	53092.194	3.0758	3.0758	0.92	22.9115	22.5415	3.0533	2.3921	2.3691			15772.0	3943.0	3943.0	691286.76	172821.69	0.008898382667073402
002918.SZ	20180521	16.5308	16.7364	16.4112	16.6056	16.385	0.2205999999999974	1.3464	17661.5	78344.713	4.4792	4.4792	1.4	23.2199	22.8449	3.0944	2.4243	2.401			15772.0	3943.0	3943.0	700592.24	175148.06	-0.002252252252252138
002918.SZ	20180522	16.5682	17.2449	16.5084	17.2336	16.6056	0.6280000000000001	3.7819	39142.91	177694.973	9.9272	9.9272	2.81	24.0981	23.709	3.2115	2.516	2.4918			15772.0	3943.0	3943.0	727089.2	181772.3	-0.008674914121251494
002918.SZ	20180523	17.0841	17.285999999999998	16.7215	16.8224	17.2336	-0.4112000000000009	-2.386	23150.66	105439.612	5.8713	5.8713	1.25	23.5231	23.1432	3.1348	2.456	2.4323			15772.0	3943.0	3943.0	709740.0	177435.0	0.00022588929046995688
002918.SZ	20180524	16.8262	17.5514	16.8262	17.215	16.8224	0.3926000000000016	2.3338	31388.79	144778.598	7.9606	7.9606	1.5	24.0719	23.6832	3.208	2.5133	2.4891			15772.0	3943.0	3943.0	726300.6	181575.15	-0.0006564042985767373
002918.SZ	20180525	17.2037	17.4953	17.0766	17.4355	17.215	0.2205000000000012	1.2809	27230.35	126259.485	6.9060000000000015	6.9060000000000015	1.1	24.3803	23.9867	3.2491	2.5455	2.521			15772.0	3943.0	3943.0	735606.08	183901.52	-0.009434773880875243
002918.SZ	20180528	17.271	17.4206	16.8523	16.9645	17.4355	-0.4710000000000001	-2.7014	20053.98	91841.907	5.086	5.086	0.72	23.7217	23.3387	3.1613	2.4767	2.4529			15772.0	3943.0	3943.0	715733.36	178933.34	-0.005069409649562443
002918.SZ	20180529	16.8785	17.1776	16.6579	16.6579	16.9645	-0.3065999999999995	-1.8073	14998.77	67961.448	3.8039	3.8039	0.53	23.2931	22.9169	3.1042	2.4319	2.4085			15772.0	3943.0	3943.0	702800.32	175700.08	-0.014809789949513479
002918.SZ	20180530	16.4112	16.415	15.5252	15.6187	16.6579	-1.039200000000001	-6.2385	22985.54	98266.492	5.8295	5.8295	0.98	21.8398	21.4872	2.9105	2.2802	2.2583			15772.0	3943.0	3943.0	658954.16	164738.54	0.014124094835037439
002918.SZ	20180531	15.8393	16.1832	15.7458	16.0561	15.6187	0.4374000000000002	2.8005	15025.85	64176.00700000001	3.8108	3.8108	0.64	22.4514	22.0889	2.992	2.3441	2.3215			15772.0	3943.0	3943.0	677407.4	169351.85	0.0011646663884753489
002918.SZ	20180601	16.0748	16.6355	15.9477	16.3327	16.0561	0.2765999999999984	1.7227	20068.48	88000.399	5.0896	5.0896	1.0	22.8383	22.4695	3.0436	2.3845	2.3615			15772.0	3943.0	3943.0	689078.68	172269.67	-0.004120567940389493
002918.SZ	20180604	16.2654	16.4336	16.0	16.2243	16.3327	-0.1083999999999996	-0.6637	14004.44	60832.023	3.5517	3.5517	0.75	22.6867	22.3204	3.0234	2.3686	2.3458			15772.0	3943.0	3943.0	684504.8	171126.2	0.002767453757635272
002918.SZ	20180605	16.2692	16.7477	16.2542	16.6804	16.2243	0.4560999999999993	2.8112	17445.16	77067.865	4.4243	4.4243	1.0	23.3244	22.9478	3.1084	2.4352	2.4118			15772.0	3943.0	3943.0	703746.64	175936.66	0.003357233639481124
002918.SZ	20180606	16.7364	16.972	16.5421	16.6393	16.6804	-0.0411000000000001	-0.2464	17718.65	78972.488	4.4937	4.4937	0.99	23.2669	22.8912	3.1007	2.4292	2.4058			15772.0	3943.0	3943.0	702011.72	175502.93	0.02336035770735548
002918.SZ	20180607	17.028	17.4467	17.028	17.043	16.6393	0.4037000000000006	2.4262	35867.59	164858.327	9.0965	9.0965	2.13	23.8315	23.4467	3.1759	2.4882	2.4642			15772.0	3943.0	3943.0	719045.48	179761.37	-0.010092119931936901
002918.SZ	20180608	16.871	16.871	16.2766	16.6879	17.043	-0.3551000000000002	-2.0836	22559.62	100074.984	5.7214	5.7214	1.07	23.3349	22.9581	3.1098	2.4363	2.4129			15772.0	3943.0	3943.0	704062.08	176015.52	0.0035834347041868173
002918.SZ	20180611	16.7477	16.7477	16.2542	16.5159	16.6879	-0.1720000000000006	-1.0307	13665.6	60327.355	3.4658	3.4658	0.64	23.0944	22.7215	3.0777	2.4112	2.388			15772.0	3943.0	3943.0	696806.96	174201.74	0.0015863501232147741
002918.SZ	20180612	16.5421	17.2636	16.415	17.0841	16.5159	0.5682000000000009	3.4403	22724.43	102233.491	5.7632	5.7632	1.06	23.889	23.5032	3.1836	2.4942	2.4702			15772.0	3943.0	3943.0	720780.4	180195.1	0.0
002918.SZ	20180613	17.0841	17.1402	16.486	16.5196	17.0841	-0.5644999999999989	-3.3042	18146.87	81477.535	4.6023	4.6023	0.81	23.0996	22.7267	3.0784	2.4117	2.3886			15772.0	3943.0	3943.0	696964.68	174241.17	-0.012724279038233394
002918.SZ	20180614	16.3094	16.4446	16.039	16.3094	16.5235	-0.2140999999999984	-1.2957	17160.0	49569.043	2.9013	2.9013	0.76	22.6997	22.3332	3.0666	2.37	2.3472		0.4467	23658.0	5914.5	5914.5	684899.1	171224.775	0.0
002918.SZ	20180615	16.3094	16.4446	15.2559	15.2672	16.3094	-1.0421999999999991	-6.3902	29831.68	83113.937	5.0438	5.0438	1.58	21.2492	20.9061	2.8706	2.2185	2.1972		0.4772	23658.0	5914.5	5914.5	641131.8	160282.95	-0.038749738000419295
002918.SZ	20180619	14.6756	15.0193	13.7405	13.7405	15.2672	-1.5267	-9.9999	30788.97	77959.851	5.2057	5.2057	1.52	19.1242	18.8155	2.5835	1.9967	1.9775		0.5303	23658.0	5914.5	5914.5	577018.62	144254.655	-0.02788108147447332
002918.SZ	20180620	13.3574	13.9714	13.2165	13.7292	13.7405	-0.0113000000000003	-0.0822	29201.12	70670.117	4.9372	4.9372	1.23	19.1086	18.8	2.5814	1.9951	1.9759		0.5307	23658.0	5914.5	5914.5	576545.46	144136.365	0.0008230632520467551
002918.SZ	20180621	13.7405	14.0165	12.7489	12.8672	13.7292	-0.8620000000000001	-6.2786	33886.03	80574.905	5.7293	5.7293	1.35	17.9089	17.6197	2.4194	1.8698	1.8518		0.5663	23658.0	5914.5	5914.5	540348.72	135087.18	-0.014882802785376736
002918.SZ	20180622	12.6757	13.2222	12.5349	13.0813	12.8672	0.2141000000000001	1.6639	23649.0	54353.722	3.9985	3.9985	0.84	18.2068	17.9129	2.4596	1.9009	1.8826		0.557	23658.0	5914.5	5914.5	549338.76	137334.69	0.007751523166657743
002918.SZ	20180625	13.1827	13.2841	12.901	13.025	13.0813	-0.0563000000000002	-0.4304	18960.17	44111.046	3.2057	3.2057	0.64	18.1284	17.8357	2.449	1.8927	1.8745		0.5594	23658.0	5914.5	5914.5	546972.96	136743.24	-0.020330134357005838
002918.SZ	20180626	12.7602	13.2053	12.7489	13.1208	13.025	0.0957999999999987	0.7355	19488.79	45048.96	3.2951	3.2951	0.71	18.2617	17.9669	2.467	1.9066	1.8883		0.5553	23658.0	5914.5	5914.5	550994.82	137748.705	-0.00043442473019931333
002918.SZ	20180627	13.1151	13.4362	12.9574	13.2898	13.1208	0.1690000000000004	1.288	25373.62	59630.052	4.2901	4.2901	1.01	18.497	18.1983	2.4988	1.9312	1.9126		0.5483	23658.0	5914.5	5914.5	558092.22	139523.055	-0.003814955830787452
002918.SZ	20180628	13.2391	13.2616	12.7996	12.8729	13.2898	-0.4169000000000001	-3.137	19028.15	44148.49400000001	3.2172	3.2172	0.78	17.9167	17.6274	2.4204	1.8706	1.8526		0.5660000000000001	23658.0	5914.5	5914.5	540585.3	135146.325	0.005251341966456708
002918.SZ	20180629	12.9405	13.363	12.8841	13.3292	12.8729	0.4563000000000006	3.5447	24170.02	56752.99	4.0866	4.0866	1.13	18.5518	18.2523	2.5062	1.9369	1.9183		0.5466	23658.0	5914.5	5914.5	559748.28	139937.07	-0.006759595474597097
002918.SZ	20180702	13.2391	13.6334	12.9517	13.1884	13.3292	-0.1408000000000004	-1.0563	22607.65	53295.21400000001	3.8224	3.8224	1.06	18.3558	18.0594	2.4797	1.9165	1.898		0.5525	23658.0	5914.5	5914.5	553833.78	138458.445	0.008113190379424425
002918.SZ	20180703	13.2954	13.4926	12.9743	13.425	13.1884	0.236600000000001	1.794	19161.01	45126.796	3.2397	3.2397	0.87	18.6851	18.3834	2.5242	1.9508	1.9321		0.5427	23658.0	5914.5	5914.5	563770.14	140942.535	-0.005459962756052251
002918.SZ	20180704	13.3517	13.3912	12.8785	12.9517	13.425	-0.4733000000000001	-3.5255	19375.28	44911.85400000001	3.2759	3.2759	0.88	18.0265	17.7354	2.4352	1.8821	1.864		0.5626	23658.0	5914.5	5914.5	543897.42	135974.355	0.0
002918.SZ	20180705	12.9517	13.0982	12.1574	12.163	12.9517	-0.7887000000000004	-6.0895	20497.54	46060.059	3.4656	3.4656	0.98	16.9288	16.6554	2.2869	1.7675	1.7505		0.599	23658.0	5914.5	5914.5	510776.22	127694.055	0.0023185069472991863
002918.SZ	20180706	12.1912	12.6137	11.9828	12.2813	12.163	0.1182999999999996	0.9726	24655.02	53870.506	4.1686	4.1686	1.17	17.0934	16.8174	2.3092	1.7847	1.7675		0.5933	23658.0	5914.5	5914.5	515744.4	128936.1	0.005968423538224756
002918.SZ	20180709	12.3546	12.7151	12.332	12.6644	12.2813	0.3831000000000007	3.1194	18539.04	41349.355	3.1345	3.1345	0.87	17.6266	17.342	2.3812	1.8403	1.8226		0.5753	23658.0	5914.5	5914.5	531831.84	132957.96	0.0008922649316193669
002918.SZ	20180710	12.6757	12.9405	12.6194	12.9292	12.6644	0.2647999999999993	2.0909	19734.79	44858.40900000001	3.3367	3.3367	0.97	17.9951	17.7046	2.431	1.8788	1.8607		0.5635	23658.0	5914.5	5914.5	542951.1	135737.775	-0.03703245367076073
002918.SZ	20180711	12.4504	12.6137	12.1123	12.5011	12.9292	-0.4281000000000006	-3.3111	23855.47	52669.71400000001	4.0334	4.0334	1.16	17.3992	17.1183	2.3505	1.8166	1.7991		0.5828	23658.0	5914.5	5914.5	524971.02	131242.755	-0.0036076825239378693
002918.SZ	20180712	12.456	13.0532	12.4391	12.9517	12.5011	0.4506000000000014	3.6045	23947.36	54445.989	4.0489	4.0489	1.12	18.0265	17.7354	2.4352	1.8821	1.864		0.5626	23658.0	5914.5	5914.5	543897.42	135974.355	-0.00043237567269170527
002918.SZ	20180713	12.9461	13.0363	12.7208	12.8503	12.9517	-0.1013999999999999	-0.7829	16771.6	38221.213	2.8357	2.8357	0.76	17.8854	17.5966	2.4162	1.8673	1.8494		0.5670000000000001	23658.0	5914.5	5914.5	539638.98	134909.745	-0.0004357874913427048
002918.SZ	20180716	12.8447	12.9348	12.6532	12.7715	12.8503	-0.078800000000001	-0.6132	12430.18	28121.508	2.1016	2.1016	0.6	17.7756	17.4886	2.4013	1.8559	1.838		0.5705	23658.0	5914.5	5914.5	536326.86	134081.715	-0.01103237677641626
002918.SZ	20180717	12.6306	12.7602	12.4335	12.6644	12.7715	-0.107099999999999	-0.8386	15212.71	33952.219	2.5721	2.5721	0.79	17.6266	17.342	2.3812	1.8403	1.8226		0.5753	23658.0	5914.5	5914.5	531831.84	132957.96	0.0008922649316193669
002918.SZ	20180718	12.6757	12.8222	12.5067	12.5067	12.6644	-0.1577000000000001	-1.2452	16812.56	37821.848	2.8426	2.8426	0.91	17.4071	17.125999999999998	2.3516	1.8174	1.7999		0.5826	23658.0	5914.5	5914.5	525207.6	131301.9	0.0
002918.SZ	20180719	12.5067	12.6081	12.0898	12.1968	12.5067	-0.3099000000000007	-2.4779	18707.67	40771.878	3.1630000000000003	3.1630000000000003	1.1	16.9758	16.7017	2.2933	1.7724	1.7553		0.5974	23658.0	5914.5	5914.5	512195.7	128048.925	0.0
002918.SZ	20180720	12.1968	12.394	12.0109	12.394	12.1968	0.1972000000000004	1.6168	18509.56	40149.143	3.1295	3.1295	1.16	17.2502	16.9717	2.3304	1.801	1.7837		0.5879	23658.0	5914.5	5914.5	520476.0	130119.0	-0.004542520574471538
002918.SZ	20180723	12.3377	13.4475	12.2194	12.7658	12.394	0.3718000000000004	2.9998	28119.36	63405.096	4.7543	4.7543	1.72	17.7677	17.4809	2.4003	1.8551	1.8372		0.5708	23658.0	5914.5	5914.5	536090.28	134022.57	0.0
002918.SZ	20180724	12.7658	13.2334	12.6813	13.1151	12.7658	0.3492999999999995	2.7362	34875.48	80634.049	5.8966	5.8966	1.79	18.2539	17.9592	2.466	1.9058	1.8875		0.5556	23658.0	5914.5	5914.5	550758.24	137689.56	0.004300386577304024
002918.SZ	20180725	13.1715	13.1827	12.9179	12.9517	13.1151	-0.1633999999999993	-1.2459	22573.91	52178.823	3.8167	3.8167	0.96	18.0265	17.7354	2.4352	1.8821	1.864		0.5626	23658.0	5914.5	5914.5	543897.42	135974.355	0.00870156041291865
002918.SZ	20180726	13.0644	13.0701	12.7884	12.8503	12.9517	-0.1013999999999999	-0.7829	16160.01	37019.69	2.7323	2.7323	0.66	17.8854	17.5966	2.4162	1.8673	1.8494		0.5670000000000001	23658.0	5914.5	5914.5	539638.98	134909.745	-0.00394543318054838
002918.SZ	20180727	12.7996	12.9348	12.7658	12.7771	12.8503	-0.0731999999999999	-0.5696	11700.0	26686.893	1.9782	1.9782	0.49	17.7834	17.4963	2.4024	1.8567	1.8388		0.5703	23658.0	5914.5	5914.5	536563.44	134140.86	0.0030836418279577343
002918.SZ	20180730	12.8165	13.7799	12.8165	13.4081	12.7771	0.6309999999999985	4.9385	54874.2	129469.901	9.2779	9.2779	2.42	18.6616	18.3603	2.521	1.9484	1.9297		0.5434	23658.0	5914.5	5914.5	563060.4	140765.1	-0.010508573175915937
002918.SZ	20180731	13.2672	13.3348	13.0813	13.1658	13.4081	-0.2422999999999984	-1.8071	28774.68	67278.87700000001	4.8651	4.8651	1.03	18.3245	18.0286	2.4755	1.9132	1.8948		0.5534	23658.0	5914.5	5914.5	552887.46	138221.865	0.0
002918.SZ	20180801	13.1658	13.2841	12.6081	12.6363	13.1658	-0.5295000000000005	-4.0218	23867.63	54935.282	4.0354	4.0354	0.89	17.5874	17.3034	2.3759	1.8362	1.8186		0.5766	23658.0	5914.5	5914.5	530648.94	132662.235	-0.012931000371944406
002918.SZ	20180802	12.4729	12.625	11.3912	11.7461	12.6363	-0.8902000000000001	-7.0448	35813.7	75672.287	6.0552	6.0552	1.32	16.3485	16.0845	2.2086	1.7069	1.6905		0.6203	23658.0	5914.5	5914.5	493269.3	123317.325	-0.016780037629511132
002918.SZ	20180803	11.549	11.7631	11.3574	11.3856	11.7461	-0.3605	-3.0691	16340.53	33571.105	2.7628	2.7628	0.53	15.8467	15.5908	2.1408	1.6545	1.6386		0.6399	23658.0	5914.5	5914.5	478128.18	119532.045	0.0019761804384484855
002918.SZ	20180806	11.4081	11.5321	10.811	10.9011	11.3856	-0.4845000000000006	-4.2554	19708.35	38866.713	3.3322	3.3322	0.62	15.1724	14.9274	2.0497	1.5841	1.5689		0.6684	23658.0	5914.5	5914.5	457782.3	114445.575	0.0025868949005146274
002918.SZ	20180807	10.9293	11.2955	10.6363	11.2729	10.9011	0.3718000000000004	3.4107	22440.79	43806.722	3.7942	3.7942	0.9	15.6899	15.4365	2.1196	1.6381	1.6224		0.6463	23658.0	5914.5	5914.5	473396.58	118349.145	-0.0029983411544499982
002918.SZ	20180808	11.2391	11.2504	10.8617	10.8729	11.2729	-0.4000000000000004	-3.5483	15728.08	30870.363	2.6592	2.6592	0.67	15.1332	14.8888	2.0444	1.58	1.5648		0.6701	23658.0	5914.5	5914.5	456599.4	114149.85	-0.0025844071039005452
002918.SZ	20180809	10.8448	11.2729	10.7208	11.1997	10.8729	0.3268000000000004	3.0056	18167.08	35899.701	3.0716	3.0716	0.83	15.5879	15.3363	2.1058	1.6275	1.6118		0.6506	23658.0	5914.5	5914.5	470321.04	117580.26	-0.0035179513736975586
002918.SZ	20180810	11.1603	11.3518	11.1264	11.2448	11.1997	0.0450999999999996	0.4027	14063.99	28052.215	2.3779	2.3779	0.76	15.6507	15.398	2.1143	1.634	1.6183		0.648	23658.0	5914.5	5914.5	472213.68	118053.42	-0.010529311326124021
002918.SZ	20180813	11.1264	11.4363	10.8279	11.3631	11.2448	0.1182999999999996	1.052	18736.99	36936.074	3.168	3.168	1.04	15.8153	15.56	2.1365	1.6512	1.6353		0.6412	23658.0	5914.5	5914.5	477181.86	119295.465	-0.011405338331969264
002918.SZ	20180814	11.2335	11.5828	11.2335	11.3236	11.3631	-0.0394999999999985	-0.3476	16925.44	34163.128	2.8617	2.8617	0.95	15.7604	15.505999999999998	2.1291	1.6455	1.6297		0.6434	23658.0	5914.5	5914.5	475525.8	118881.45	0.001492458228831793
002918.SZ	20180815	11.3405	11.6335	11.1715	11.1997	11.3236	-0.1239000000000008	-1.0942	19836.45	40105.728	3.3539	3.3539	1.19	15.5879	15.3363	2.1058	1.6275	1.6118		0.6506	23658.0	5914.5	5914.5	470321.04	117580.26	-0.020125539076939605
002918.SZ	20180816	10.9743	11.1659	10.7434	10.9856	11.1997	-0.2141000000000001	-1.9117	15876.17	30901.672	2.6843	2.6843	0.9	15.29	15.0431	2.0656	1.5964	1.581		0.6632	23658.0	5914.5	5914.5	461331.0	115332.75	0.007691887561899236
002918.SZ	20180817	11.0701	11.1715	10.6251	10.7039	10.9856	-0.2816999999999989	-2.5643	14771.45	28484.071	2.4975	2.4975	0.86	14.8979	14.6574	2.0126	1.5554	1.5405		0.6807	23658.0	5914.5	5914.5	449502.0	112375.5	-0.0010463475929334675
002918.SZ	20180820	10.6927	10.8166	10.5349	10.811	10.7039	0.107099999999999	1.0006	10867.68	20626.059	1.8375	1.8375	0.63	15.0469	14.804	2.0327	1.571	1.5559		0.674	23658.0	5914.5	5914.5	453997.02	113499.255	-0.0010452317084451309
002918.SZ	20180821	10.7997	10.9743	10.7603	10.856	10.811	0.0449999999999999	0.4162	12847.2	24863.792	2.1722	2.1722	0.82	15.1096	14.8657	2.0412	1.5775	1.5624		0.6712	23658.0	5914.5	5914.5	455889.66	113972.415	0.0
002918.SZ	20180822	10.856	10.856	10.5462	10.5518	10.856	-0.3041999999999998	-2.8021	11946.59	22634.775	2.0199	2.0199	0.81	14.6862	14.4491	1.984	1.5333	1.5186		0.6905	23658.0	5914.5	5914.5	443114.34	110778.585	0.00800811235997652
002918.SZ	20180823	10.6363	10.8166	10.6082	10.7715	10.5518	0.2196999999999996	2.0821	14868.34	28312.388	2.5139	2.5139	1.12	14.992	14.75	2.0253	1.5653	1.5502		0.6764	23658.0	5914.5	5914.5	452340.96	113085.24	-0.0010397809033095454
002918.SZ	20180824	10.7603	10.8448	10.6532	10.687	10.7715	-0.0845000000000002	-0.7845	11667.5	22283.799	1.9727	1.9727	0.89	14.8744	14.33	1.9342	1.5530000000000002	1.4667		0.6818	23658.0	5914.5	5914.5	448792.26	112198.065	0.0031627210629738152
002918.SZ	20180827	10.7208	11.1772	10.7096	11.1264	10.687	0.4394000000000009	4.1115	19359.81	37894.79	3.2733	3.2733	1.56	15.486	14.9192	2.0137	1.6168	1.527		0.6549	23658.0	5914.5	5914.5	467245.5	116811.375	-0.002022217428818023
002918.SZ	20180828	11.1039	11.5828	11.087	11.4701	11.1264	0.3437000000000001	3.089	33146.63	67068.256	5.6043	5.6043	2.34	15.9643	15.38	2.0759	1.6668	1.5742		0.6352	23658.0	5914.5	5914.5	481676.88	120419.22	-0.003931962232238576
002918.SZ	20180829	11.425	11.6053	11.2222	11.2786	11.4701	-0.1914999999999996	-1.6696	15505.0	31208.373	2.6215	2.6215	0.85	15.6977	15.1231	2.0412	1.6389	1.5479		0.6459999999999999	23658.0	5914.5	5914.5	473633.16	118408.29	-0.0010018973986133306
002918.SZ	20180830	11.2673	11.3631	10.9912	11.0138	11.2786	-0.264800000000001	-2.3478	13790.79	27295.075	2.3317	2.3317	0.73	15.3292	14.7681	1.9933	1.6005	1.5116		0.6616	23658.0	5914.5	5914.5	462513.9	115628.475	0.006137754453503836
002918.SZ	20180831	11.0814	11.1828	10.8842	11.1208	11.0138	0.1069999999999993	0.9715	13731.5	26930.707	2.3217	2.3217	0.73	15.4782	14.9116	2.0127	1.616	1.5263		0.6552	23658.0	5914.5	5914.5	467008.92	116752.23	0.0
002918.SZ	20180903	11.1208	11.1208	10.7208	10.9236	11.1208	-0.1971999999999987	-1.7733	11513.58	22243.262	1.9467	1.9467	0.6	15.2037	14.6472	1.977	1.5874	1.4992		0.667	23658.0	5914.5	5914.5	458728.62	114682.155	0.029404225713134797
002918.SZ	20180904	11.2448	11.9321	11.211	11.4419	10.9236	0.5183	4.7448	29124.56	59166.968	4.9243	4.9243	1.66	15.9251	15.3422	2.0708	1.6627	1.5703		0.6368	23658.0	5914.5	5914.5	480493.98	120123.495	-0.010828621120618147
002918.SZ	20180905	11.318	11.5433	11.211	11.2335	11.4419	-0.208400000000001	-1.8214	18345.55	36969.593	3.1018	3.1018	1.1	15.635	15.0627	2.0331	1.6324	1.5417		0.6486	23658.0	5914.5	5914.5	471740.52	117935.13	-0.0020029376418746673
002918.SZ	20180906	11.211	11.2617	10.8955	10.9969	11.2335	-0.2365999999999993	-2.1062	17316.53	34097.031	2.9278	2.9278	1.0	15.3057	14.7454	1.9902	1.598	1.5092		0.6626	23658.0	5914.5	5914.5	461804.16	115451.04	-0.0010275623130155144
002918.SZ	20180907	10.9856	11.2617	10.9349	11.0419	10.9969	0.0449999999999999	0.4092	13517.52	26637.338	2.2855	2.2855	0.75	15.3684	14.8059	1.9984	1.6046	1.5154		0.6599	23658.0	5914.5	5914.5	463696.8	115924.2	-0.0040753855767576164
002918.SZ	20180910	10.9969	11.025	10.7772	10.7884	11.0419	-0.2535000000000007	-2.2958	10314.29	19907.646	1.7439	1.7439	0.57	15.0156	14.4659	1.9525	1.5677	1.4806		0.6754	23658.0	5914.5	5914.5	453050.7	113262.675	0.007832486745022455
002918.SZ	20180911	10.8729	10.9574	10.6701	10.8166	10.7884	0.0282	0.2614	10269.19	19710.255	1.7363	1.7363	0.58	15.0548	14.5037	1.9576	1.5718	1.4845		0.6736	23658.0	5914.5	5914.5	454233.6	113558.4	-0.010419170534178806
002918.SZ	20180912	10.7039	10.9067	10.6983	10.8053	10.8166	-0.0112999999999985	-0.1045	8453.85	16211.938	1.4293	1.4293	0.61	15.0391	14.4886	1.9556	1.5702	1.483		0.6743	23658.0	5914.5	5914.5	453760.44	113440.11	0.014076425457877061
002918.SZ	20180913	10.9574	11.0081	10.7603	10.9462	10.8053	0.1408999999999984	1.304	11406.23	22032.746	1.9285	1.9285	0.95	15.2351	14.6775	1.9811	1.5906	1.5023		0.6656	23658.0	5914.5	5914.5	459674.94	114918.735	0.0
002918.SZ	20180914	10.9462	10.9631	10.6701	10.749	10.9462	-0.1971999999999987	-1.8015	10961.08	21045.68	1.8533	1.8533	1.02	14.9607	14.4131	1.9454	1.5619999999999998	1.4752		0.6778	23658.0	5914.5	5914.5	451394.64	112848.66	-0.004716717834217216
002918.SZ	20180917	10.6983	10.6983	10.5744	10.5856	10.749	-0.1634000000000011	-1.5201	7711.02	14534.908	1.3037	1.3037	0.75	14.7333	14.194	1.9158	1.5382	1.4528		0.6883	23658.0	5914.5	5914.5	444533.82	111133.455	0.0037314842805320735
002918.SZ	20180918	10.6251	10.7884	10.5293	10.749	10.5856	0.1634000000000011	1.5436	12609.1	23923.668	2.1319	2.1319	1.29	14.9607	14.4131	1.9454	1.5619999999999998	1.4752		0.6778	23658.0	5914.5	5914.5	451394.64	112848.66	-0.0031444785561448654
002918.SZ	20180919	10.7152	10.9574	10.6589	10.8448	10.749	0.0957999999999987	0.8912	15506.31	29787.645	2.6217	2.6217	1.52	15.094	14.5415	1.9627	1.5759	1.4884		0.6719	23658.0	5914.5	5914.5	455416.5	113854.125	0.0
002918.SZ	20180920	10.8448	10.8955	10.7096	10.7208	10.8448	-0.1239999999999987	-1.1434	8569.0	16415.535	1.4488	1.4488	0.74	14.9215	14.3753	1.9403	1.5579	1.4714		0.6796	23658.0	5914.5	5914.5	450211.74	112552.935	0.011566301022311654
002918.SZ	20180921	10.8448	10.9518	10.7208	10.9011	10.7208	0.180299999999999	1.6818	13964.5	26875.402	2.3611	2.3611	1.26	15.1724	14.617	1.9729	1.5841	1.4961		0.6684	23658.0	5914.5	5914.5	457782.3	114445.575	-0.005164616414857238
002918.SZ	20180925	10.8448	10.8955	10.7772	10.856	10.9011	-0.0450999999999996	-0.4137	8806.5	16936.225	1.489	1.489	0.75	15.1096	14.5566	1.9647	1.5775	1.4899		0.6712	23658.0	5914.5	5914.5	455889.66	113972.415	0.0020817980840089003
002918.SZ	20180926	10.8786	11.0138	10.7997	10.8673	10.856	0.0113000000000003	0.1041	11451.23	22166.359	1.9361	1.9361	0.96	15.1253	14.5717	1.9668	1.5792	1.4915		0.6705	23658.0	5914.5	5914.5	456362.82	114090.705	0.00103981669779985
002918.SZ	20180927	10.8786	10.918	10.4729	10.4842	10.8673	-0.3831000000000007	-3.5253	14679.85	27866.58	2.482	2.482	1.26	14.5921	14.058	1.8975	1.5235	1.4389		0.695	23658.0	5914.5	5914.5	440275.38	110068.845	0.0021460864920547925
002918.SZ	20180928	10.5067	10.6363	10.5067	10.58	10.4842	0.0958000000000005	0.9138	10533.99	19777.428	1.781	1.781	0.92	14.7254	14.1864	1.9148	1.5374	1.452		0.6887	23658.0	5914.5	5914.5	444297.24	111074.31	-0.014914933837429105
002918.SZ	20181008	10.4222	10.4222	10.1462	10.1687	10.58	-0.4113000000000007	-3.8875	10573.8	19251.998	1.7878	1.7878	0.89	14.153	13.635	1.8404	1.4777	1.3956		0.7165	23658.0	5914.5	5914.5	427026.9	106756.725	0.004985888068288066
002918.SZ	20181009	10.2194	10.2589	10.118	10.1687	10.1687	0.0	0.0	8917.71	16124.788	1.5078	1.5078	0.8	14.153	13.635	1.8404	1.4777	1.3956		0.7165	23658.0	5914.5	5914.5	427026.9	106756.725	0.014957664204864024
002918.SZ	20181010	10.3208	10.349	10.1462	10.3321	10.1687	0.1634000000000011	1.6069	10246.93	18681.411	1.7325	1.7325	0.91	14.3804	13.8541	1.8699	1.5014	1.418		0.7052	23658.0	5914.5	5914.5	433887.72	108471.93	-0.033255582117865716
002918.SZ	20181011	9.9885	9.9941	9.3011	9.3011	10.3321	-1.0310000000000006	-9.9786	25168.67	42730.292	4.2554	4.2554	2.29	12.9455	12.4717	1.6833	1.3516	1.2765		0.7834	23658.0	5914.5	5914.5	390593.58	97648.395	-0.007870036877358585
002918.SZ	20181012	9.2279	9.7293	8.766	9.2955	9.3011	-0.0055999999999993	-0.0602	20725.7	33588.251000000004	3.5042	3.5042	1.58	12.9377	12.4641	1.6823	1.3508	1.2757		0.7838	23658.0	5914.5	5914.5	390357.0	97589.25	-0.0006024420418483308
002918.SZ	20181015	9.2899	9.504	9.1209	9.1434	9.2955	-0.1521000000000008	-1.6363	11059.35	18281.606	1.8699	1.8699	0.73	12.726	12.2602	1.6548	1.3287	1.2549		0.7969	23658.0	5914.5	5914.5	383969.34	95992.335	0.0012358641205678753
002918.SZ	20181016	9.1547	9.3011	8.8899	8.9519	9.1434	-0.1914999999999996	-2.0944	10418.64	16801.436	1.7615	1.7615	0.68	12.4594	12.0033	1.6201	1.3008	1.2286		0.8139	23658.0	5914.5	5914.5	375925.62	93981.405	0.015102939040873928
002918.SZ	20181017	9.0871	9.149	8.8167	9.0251	8.9519	0.0731999999999999	0.8177	11456.31	18338.647	1.937	1.937	0.74	12.5613	12.1015	1.6334	1.3115	1.2386		0.8073	23658.0	5914.5	5914.5	379001.16	94750.29	-0.02808833143123076
002918.SZ	20181018	8.7716	8.9575	8.6307	8.6983	9.0251	-0.3268000000000004	-3.621	13424.27	20957.211	2.2697	2.2697	0.85	12.1065	11.6634	1.5742	1.264	1.1938		0.8377	23658.0	5914.5	5914.5	365279.52	91319.88	-0.009059241460975054
002918.SZ	20181019	8.6195	8.98	8.5237	8.9293	8.6983	0.2309999999999999	2.6557	13409.73	20965.579	2.2673	2.2673	1.0	12.428	11.9731	1.616	1.2976	1.2255		0.816	23658.0	5914.5	5914.5	374979.3	93744.825	0.010101575711422079
002918.SZ	20181022	9.0195	9.4983	8.9744	9.38	8.9293	0.4507000000000012	5.0474	21650.79	35658.633	3.6606	3.6606	1.81	13.0553	12.5774	1.6976	1.3631	1.2873		0.7768	23658.0	5914.5	5914.5	393905.7	98476.425	-0.0023987206823028627
002918.SZ	20181023	9.3575	9.442	9.2223	9.2842	9.38	-0.0958000000000005	-1.0213	14243.87	23515.755	2.4083	2.4083	1.01	12.922	12.449000000000002	1.6803	1.3491	1.2742		0.7848	23658.0	5914.5	5914.5	389883.84	97470.96	-0.001820296848409092
002918.SZ	20181024	9.2673	9.3744	9.1997	9.3293	9.2842	0.0450999999999996	0.4858	12252.47	20240.907	2.0716	2.0716	0.83	12.9847	12.5095	1.6884	1.3557	1.2804		0.7809999999999999	23658.0	5914.5	5914.5	391776.48	97944.12	-0.0398529364475363
002918.SZ	20181025	8.9575	10.1406	8.9012	9.5772	9.3293	0.2478999999999996	2.6572	23424.56	38913.66	3.9605	3.9605	1.56	13.3297	12.8418	1.7333	1.3917	1.3144		0.7608	23658.0	5914.5	5914.5	402186.0	100546.5	-0.013532138829720581
002918.SZ	20181026	9.4476	9.673	9.4476	9.4758	9.5772	-0.1013999999999999	-1.0588	19012.74	32207.454	3.2146	3.2146	1.12	13.1886	11.9371	1.6211	1.3769999999999998	1.2809		0.7689	23658.0	5914.5	5914.5	397927.56	99481.89	-0.0011925114502205946
002918.SZ	20181029	9.4645	9.6504	9.3519	9.3519	9.4758	-0.123899999999999	-1.3075	15726.23	26578.967	2.6589	2.6589	0.87	13.0161	11.7809	1.5999	1.359	1.2642		0.7791	23658.0	5914.5	5914.5	392722.8	98180.7	0.000598808798212062
002918.SZ	20181030	9.3575	9.5378	9.104	9.4645	9.3519	0.1125999999999987	1.204	16256.84	27000.899	2.7486	2.7486	0.96	13.1729	11.9229	1.6191	1.3753	1.2794		0.7698	23658.0	5914.5	5914.5	397454.4	99363.6	0.0006022505150827753
002918.SZ	20181031	9.4702	9.718	9.4645	9.6335	9.4645	0.1690000000000004	1.7856	20667.82	35369.145	3.4944	3.4944	1.19	13.4081	12.1358	1.6481	1.3999	1.3023		0.7563	23658.0	5914.5	5914.5	404551.8	101137.95	0.00292728499506929
002918.SZ	20181101	9.6617	9.78	9.5378	9.5659	9.6335	-0.0676000000000005	-0.7017	21031.59	36157.325	3.5559	3.5559	1.11	13.314	12.0506	1.6365	1.3901	1.2931		0.7617	23658.0	5914.5	5914.5	401712.84	100428.21	0.011781431961446414
002918.SZ	20181102	9.6786	9.8476	9.6392	9.8251	9.5659	0.2592000000000016	2.7096	24044.5	41635.875	4.0653	4.0653	1.3	13.6747	12.3771	1.6808	1.4277	1.3282		0.7416	23658.0	5914.5	5914.5	412595.52	103148.88	0.009740358876754333
002918.SZ	20181105	9.9208	10.1124	9.7293	9.9039	9.8251	0.0787999999999993	0.802	25235.12	44433.528	4.2667	4.2667	1.29	13.7845	12.4764	1.6943	1.4392	1.3388		0.7357	23658.0	5914.5	5914.5	415907.64	103976.91	-0.005119195468451908
002918.SZ	20181106	9.8532	9.8532	9.6223	9.7406	9.9039	-0.1632999999999995	-1.6488	14396.26	24749.356	2.4341	2.4341	0.67	13.5571	12.2706	1.6664	1.4154	1.3167		0.748	23658.0	5914.5	5914.5	409046.82	102261.705	0.0023099193068187866
002918.SZ	20181107	9.7631	9.9096	9.6955	9.7124	9.7406	-0.0282	-0.2895	14076.51	24417.516	2.38	2.38	0.67	13.5179	12.2351	1.6615	1.4114	1.3129		0.7502	23658.0	5914.5	5914.5	407863.92	101965.98	0.008700218277665688
002918.SZ	20181108	9.7969	9.842	9.5941	9.611	9.7124	-0.1013999999999999	-1.044	12090.53	20753.383	2.0442	2.0442	0.61	13.3768	12.1074	1.6442	1.3966	1.2992		0.7581	23658.0	5914.5	5914.5	403605.48	100901.37	0.0
002918.SZ	20181109	9.611	9.6786	9.5547	9.5941	9.611	-0.0169000000000014	-0.1758	9762.27	16629.223	1.6506	1.6506	0.54	13.3533	12.0861	1.6413	1.3942	1.2969		0.7594	23658.0	5914.5	5914.5	402895.74	100723.935	0.0
002918.SZ	20181112	9.5941	9.8251	9.5378	9.8025	9.5941	0.208400000000001	2.1722	18075.79	31247.565	3.0562	3.0562	1.2	13.6434	12.3487	1.6769999999999998	1.4245	1.3251		0.7433	23658.0	5914.5	5914.5	411649.2	102912.3	-0.00862024993624078
002918.SZ	20181113	9.718	9.9716	9.6561	9.949	9.8025	0.1464999999999996	1.4945	25231.61	44138.191	4.2661	4.2661	1.84	13.8472	12.5332	1.702	1.4457	1.3449		0.7324	23658.0	5914.5	5914.5	417800.28	104450.07	-0.001698663182229339
002918.SZ	20181114	9.9321	10.0842	9.9152	9.9265	9.949	-0.022499999999999	-0.2262	20878.61	36994.214	3.5301	3.5301	1.32	13.8159	12.5048	1.6982	1.4425	1.3419		0.7340000000000001	23658.0	5914.5	5914.5	416853.96	104213.49	-0.0011383669974311499
002918.SZ	20181115	9.9152	10.4955	9.887	10.4166	9.9265	0.4901	4.9373	43297.08	78628.38799999999	7.3205	7.3205	2.52	14.498	13.1223	1.7819999999999998	1.5137	1.4081		0.6995	23658.0	5914.5	5914.5	437436.42	109359.105	-0.0005376034406621316
002918.SZ	20181116	10.411	11.1546	10.3659	10.9067	10.4166	0.4901	4.705	62410.27	119918.199	10.5521	10.5521	2.66	15.1802	13.7397	1.8659	1.5849	1.4744		0.6679999999999999	23658.0	5914.5	5914.5	458018.88	114504.72	-0.004648518800370493
002918.SZ	20181119	10.856	10.8729	10.5969	10.7039	10.9067	-0.2027999999999998	-1.8594	30125.05	57235.974	5.0934	5.0934	0.89	14.8979	13.4842	1.8312	1.5554	1.4469999999999998		0.6807	23658.0	5914.5	5914.5	449502.0	112375.5	-0.0015788637786228821
002918.SZ	20181120	10.687	10.687	10.3039	10.3377	10.7039	-0.3662000000000009	-3.4212	24159.0	45081.991	4.0847	4.0847	0.66	14.3883	13.0229	1.7685	1.5022	1.3975		0.7048	23658.0	5914.5	5914.5	434124.3	108531.075	-0.013620050881724221
002918.SZ	20181121	10.1969	11.3405	10.1631	10.6983	10.3377	0.3605999999999998	3.4882	33678.07	63206.035	5.6942	5.6942	0.93	14.8901	13.4771	1.8302	1.5546	1.4462		0.6811	23658.0	5914.5	5914.5	449265.42	112316.355	-0.0005234476505612465
002918.SZ	20181122	10.6927	11.0138	10.5405	10.7659	10.6983	0.0676000000000005	0.6319	30729.45	58747.754	5.1956	5.1956	0.79	14.9842	13.5623	1.8418	1.5644	1.4553		0.6768	23658.0	5914.5	5914.5	452104.38	113026.095	-0.005758924010068772
002918.SZ	20181123	10.7039	10.7603	10.2194	10.3096	10.7659	-0.4563000000000006	-4.2384	23074.84	42803.151	3.9014	3.9014	0.64	14.3491	12.9874	1.7637	1.4981	1.3936		0.7067	23658.0	5914.5	5914.5	432941.4	108235.35	-0.0005528827500581158
002918.SZ	20181126	10.3039	10.4166	10.0617	10.1462	10.3096	-0.1633999999999993	-1.5849	14926.55	27083.427000000003	2.5237	2.5237	0.53	14.1217	12.7816	1.7358	1.4744	1.3716		0.7181	23658.0	5914.5	5914.5	426080.58	106520.145	0.008880171887011849
002918.SZ	20181127	10.2363	10.3884	10.1124	10.2363	10.1462	0.0900999999999996	0.888	12858.84	23354.805	2.1741	2.1741	0.51	14.2471	12.8952	1.7512	1.4875	1.3837		0.7118	23658.0	5914.5	5914.5	429865.86	107466.465	-0.0033019743461992503
002918.SZ	20181128	10.2025	10.3096	9.8532	10.2532	10.2363	0.0168999999999996	0.1651	18848.06	33723.065	3.1868	3.1868	0.82	14.2707	12.9165	1.7541	1.4899	1.386		0.7106	23658.0	5914.5	5914.5	430575.6	107643.9	0.0005559240042134092
002918.SZ	20181129	10.2589	10.2927	9.9152	9.949	10.2532	-0.3041999999999998	-2.9669	17504.88	31431.846	2.9597	2.9597	0.87	13.8472	12.5332	1.702	1.4457	1.3449		0.7324	23658.0	5914.5	5914.5	417800.28	104450.07	-0.006794652728917534
002918.SZ	20181130	9.8814	10.0504	9.7293	9.9377	9.949	-0.0113000000000003	-0.1136	11868.63	20930.814	2.0067	2.0067	0.68	13.8316	12.519	1.7001	1.4441	1.3434		0.7332	23658.0	5914.5	5914.5	417327.12	104331.78	0.019843625788663423
002918.SZ	20181203	10.1349	10.3941	10.1349	10.3265	9.9377	0.3887999999999998	3.9124	24491.7	44735.184	4.141	4.141	1.61	14.3726	13.0087	1.7666	1.5006	1.3959		0.7056	23658.0	5914.5	5914.5	433651.14	108412.785	0.0
002918.SZ	20181204	10.3265	10.3659	10.1687	10.3096	10.3265	-0.0168999999999996	-0.1637	16905.53	30803.854	2.8583	2.8583	0.99	14.3491	12.9874	1.7637	1.4981	1.3936		0.7067	23658.0	5914.5	5914.5	432941.4	108235.35	-0.019127803212539818
002918.SZ	20181205	10.1124	10.2476	10.0223	10.1744	10.3096	-0.1351999999999993	-1.3114	13448.5	24181.185	2.2738	2.2738	0.75	14.1609	12.8171	1.7406	1.4785	1.3754		0.7161	23658.0	5914.5	5914.5	427263.48	106815.87	0.0011008020128951627
002918.SZ	20181206	10.1856	10.2476	10.0279	10.0504	10.1744	-0.1240000000000005	-1.2187	12653.55	22696.87	2.1394	2.1394	0.75	13.9884	12.661	1.7194	1.4605	1.3586		0.725	23658.0	5914.5	5914.5	422058.72	105514.68	0.0
002918.SZ	20181207	10.0504	10.1293	9.9659	10.0448	10.0504	-0.0055999999999993	-0.0557	8342.0	14877.286	1.4104	1.4104	0.53	13.9805	12.6539	1.7184	1.4597	1.3579		0.7254	23658.0	5914.5	5914.5	421822.14	105455.535	-0.0028074227460974837
002918.SZ	20181210	10.0166	10.0166	9.8251	9.8758	10.0448	-0.1690000000000004	-1.6825	7983.0	14007.268999999998	1.3497	1.3497	0.53	13.7453	12.441	1.6895	1.4351	1.335		0.7378	23658.0	5914.5	5914.5	414724.74	103681.185	-0.0005771684319244162
002918.SZ	20181211	9.8701	9.9941	9.8701	9.9096	9.8758	0.0337999999999993	0.3423	6323.98	11124.114	1.0692	1.0692	0.53	13.7924	12.4835	1.6953	1.44	1.3396		0.7353	23658.0	5914.5	5914.5	416144.22	104036.055	0.003975942520384329
002918.SZ	20181212	9.949	10.1293	9.9265	10.0279	9.9096	0.1183000000000014	1.1938	9279.97	16540.631999999998	1.569	1.569	0.95	13.957	12.6326	1.7155	1.4572	1.3556		0.7266	23658.0	5914.5	5914.5	421112.4	105278.1	0.0
002918.SZ	20181213	10.0279	10.2927	9.9603	10.242	10.0279	0.2141000000000001	2.135	15448.48	27970.433	2.612	2.612	1.73	14.255	12.9023	1.7521	1.4883	1.3845		0.7114	23658.0	5914.5	5914.5	430102.44	107525.61	-0.005506736965436438
002918.SZ	20181214	10.1856	10.2307	9.9208	9.9208	10.242	-0.321200000000001	-3.1361	11402.5	20372.849	1.9279	1.9279	1.2	13.808	12.4977	1.6972	1.4416	1.3411		0.7344	23658.0	5914.5	5914.5	416617.38	104154.345	-0.017599387146197874
002918.SZ	20181217	9.7462	9.7969	9.5659	9.7011	9.9208	-0.2196999999999996	-2.2145	10966.48	18838.738	1.8542	1.8542	1.09	13.5022	12.220999999999998	1.6596	1.4097	1.3114		0.7511	23658.0	5914.5	5914.5	407390.76	101847.69	-0.0017420704868519748
002918.SZ	20181218	9.6842	9.7744	9.5659	9.6561	9.7011	-0.0449999999999999	-0.4639	7142.27	12230.118	1.2076	1.2076	0.67	13.4395	12.1642	1.6519	1.4032	1.3053		0.7546	23658.0	5914.5	5914.5	405498.12	101374.53	0.009910833566346559
002918.SZ	20181219	9.7518	9.7518	9.4702	9.4814	9.6561	-0.1746999999999996	-1.8092	6202.5	10535.602	0.7792	0.8538	0.57	13.1964	11.9442	1.622	1.3778	1.2817		0.7685	23658.0	7959.75	7264.5	398164.14	133962.5925	-0.0035648743856393737
002918.SZ	20181220	9.4476	9.6335	9.4251	9.5603	9.4814	0.078899999999999	0.8322	7545.98	12789.178999999998	0.948	1.0387	0.74	13.3062	12.0435	1.6355	1.3893	1.2924		0.7621	23658.0	7959.75	7264.5	401476.26	135076.9575	-0.0017677269541750461
002918.SZ	20181221	9.5434	9.6786	9.5265	9.5997	9.5603	0.0394000000000005	0.4121	6435.3	10970.524	0.8085	0.8859	0.74	13.3611	12.0932	1.6423	1.395	1.2977		0.759	23658.0	7959.75	7264.5	403132.32	135634.14	-0.014083773451253799
002918.SZ	20181224	9.4645	9.7068	9.4645	9.6842	9.5997	0.0845000000000002	0.8802	8517.24	14578.574	1.07	1.1724		13.4787	12.1997	1.6567	1.4073	1.3091		0.7524	23658.0	7959.75	7264.5	406681.02	136828.1025	-0.021519588608248593
002918.SZ	20181225	9.4758	9.611	9.2673	9.5434	9.6842	-0.1408000000000004	-1.4539	8979.86	15042.813999999997	1.1282	1.2361	1.25	13.2827	12.0222	1.6326	1.3868	1.2901		0.7635	23658.0	7959.75	7264.5	400766.52	134838.165	0.005312572039315032
002918.SZ	20181226	9.5941	9.6448	9.504	9.5772	9.5434	0.0337999999999993	0.3542	4438.36	7551.749	0.5576	0.611	0.59	13.3297	12.0648	1.6384	1.3917	1.2946		0.7608	23658.0	7959.75	7264.5	402186.0	135315.75	0.013532138829720581
002918.SZ	20181227	9.7068	9.7631	9.3688	9.3913	9.5772	-0.1859000000000001	-1.9411	7147.5	12193.667	0.898	0.9839	1.0	13.071	11.8306	1.6066	1.3647	1.2695		0.7758	23658.0	7959.75	7264.5	394378.86	132689.0325	0.0023958344425160367
002918.SZ	20181228	9.4138	9.5603	9.3237	9.3519	9.3913	-0.0393999999999987	-0.4195	8037.77	13417.728	1.0098	1.1064	1.13	13.0161	11.7809	1.5999	1.359	1.2642		0.7791	23658.0	7959.75	7264.5	392722.8	132131.85	0.00602016702488267
002918.SZ	20190102	9.4082	9.4307	9.104	9.1772	9.3519	-0.1747000000000014	-1.8681	9430.4	15407.502	1.1848	1.2981	1.27	12.773	11.5609	1.57	1.3336	1.2406	0.7939	0.7939	23658.0	7959.75	7264.5	385388.82	129664.3275	0.012890642025890403
002918.SZ	20190103	9.2955	9.3519	9.1378	9.1603	9.1772	-0.0168999999999996	-0.1842	7612.2	12456.559	0.9563	1.0479	1.0	12.7495	11.5396	1.5671	1.3311	1.2383	0.7954	0.7954	23658.0	7959.75	7264.5	384679.08	129425.535	-0.006146086918550729
002918.SZ	20190104	9.104	9.3913	9.0082	9.3688	9.1603	0.2085000000000008	2.2761	10876.57	17897.651	1.3664	1.4972	1.48	13.0396	11.8022	1.6028	1.3614	1.2665	0.7777	0.7777	23658.0	7959.75	7264.5	393432.54	132370.6425	0.01743019383485607
002918.SZ	20190107	9.5321	9.549	9.3913	9.5096	9.3688	0.1408000000000004	1.5029	9224.27	15543.455	1.1589	1.2698	1.07	13.2356	11.9797	1.6269	1.3819	1.2855	0.7662	0.7662	23658.0	7959.75	7264.5	399347.04	134360.58	0.0
002918.SZ	20190108	9.5096	9.5941	9.4645	9.5941	9.5096	0.0844999999999984	0.8886	8283.76	14028.279	1.0407	1.1403	0.92	13.3533	12.0861	1.6413	1.3942	1.2969	0.7594	0.7594	23658.0	7959.75	7264.5	402895.74	135554.5425	-0.0005836920607456024
002918.SZ	20190109	9.5885	10.4222	9.5378	9.8194	9.5941	0.2253000000000007	2.3483	21619.77	38050.504	2.7161	2.9761	2.38	13.6669	12.37	1.6799	1.4269	1.3274	0.742	0.742	23658.0	7959.75	7264.5	412358.94	138738.4425	-0.0005702996109741311
002918.SZ	20190110	9.8138	10.011	9.6392	9.6842	9.8194	-0.1351999999999993	-1.3769	12785.48	22164.281000000006	1.6063	1.76	1.11	13.4787	12.1997	1.6567	1.4073	1.3091	0.7524	0.7524	23658.0	7959.75	7264.5	406681.02	136828.1025	-0.0029016335887321856
002918.SZ	20190111	9.6561	9.7631	9.5603	9.7349	9.6842	0.050699999999999	0.5235	12129.77	20785.001	1.5239	1.6697	0.97	13.5493	12.2635	1.6654	1.4146	1.3159999999999998	0.7485	0.7485	23658.0	7959.75	7264.5	408810.24	137544.48	-0.00578331569918543
002918.SZ	20190114	9.6786	9.7349	9.5321	9.5772	9.7349	-0.1577000000000001	-1.6199	7632.92	13024.169	0.9589	1.0507	0.6	13.3297	12.0648	1.6384	1.3917	1.2946	0.7608	0.7608	23658.0	7959.75	7264.5	402186.0	135315.75	0.0017646076097397668
002918.SZ	20190115	9.5941	9.6899	9.549	9.6899	9.5772	0.1127000000000002	1.1768	8022.4	13714.025	1.0079	1.1043	0.64	13.4866	12.2068	1.6577	1.4081	1.3099	0.7519	0.7519	23658.0	7959.75	7264.5	406917.6	136907.7	0.0058101734796024975
002918.SZ	20190116	9.7462	9.7462	9.549	9.6673	9.6899	-0.0226000000000006	-0.2332	8414.79	14393.284	1.0572	1.1583	0.68	13.4552	12.1784	1.6538	1.4048	1.3068	0.7537	0.7537	23658.0	7959.75	7264.5	405971.28	136589.31	0.002337777869725841
002918.SZ	20190117	9.6899	9.6899	9.4307	9.4645	9.6673	-0.2027999999999998	-2.0978	9559.52	16182.624	1.2009999999999998	1.3159	0.98	13.1729	11.9229	1.6191	1.3753	1.2794	0.7698	0.7698	23658.0	7959.75	7264.5	397454.4	133723.8	0.0
002918.SZ	20190118	9.4645	9.6279	9.4138	9.5659	9.4645	0.1013999999999999	1.0714	8164.42	13807.914	1.0257	1.1239	0.89	13.314	12.0506	1.6365	1.3901	1.2931	0.7617	0.7617	23658.0	7959.75	7264.5	401712.84	135156.555	0.0
002918.SZ	20190121	9.5659	9.8307	9.5547	9.7462	9.5659	0.1803000000000008	1.8848	16846.07	29140.933	2.1164	2.319	2.02	13.565	12.2777	1.6673	1.4163	1.3175	0.7476	0.7476	23658.0	7959.75	7264.5	409283.4	137703.675	-0.0028934353902033616
002918.SZ	20190122	9.718	9.78	9.5659	9.6335	9.7462	-0.1127000000000002	-1.1563	9560.52	16378.582	1.2011	1.3161	0.94	13.4081	12.1358	1.6481	1.3999	1.3023	0.7563	0.7563	23658.0	7959.75	7264.5	404551.8	136111.725	-0.004671199460216944
002918.SZ	20190123	9.5885	9.6842	9.5885	9.6617	9.6335	0.0282	0.2927	6171.52	10563.806	0.7753	0.8495	0.59	13.4473	12.1713	1.6529	1.404	1.3061	0.7541	0.7541	23658.0	7959.75	7264.5	405734.7	136509.7125	-0.0011695664324084074
002918.SZ	20190124	9.6504	9.8307	9.5885	9.6955	9.6617	0.0337999999999993	0.3498	10203.86	17580.058	1.2819	1.4046	1.01	13.4944	12.2139	1.6587	1.4089	1.3106	0.7515	0.7515	23658.0	7959.75	7264.5	407154.18	136987.2975	0.0029085658295085353
002918.SZ	20190125	9.7237	9.8307	9.6786	9.7518	9.6955	0.0563000000000002	0.5807	14134.84	24484.559	1.7758	1.9457	1.39	13.5728	12.2848	1.6683	1.4171	1.3183	0.7472	0.7472	23658.0	7959.75	7264.5	409519.98	137783.2725	0.006932053569597464
002918.SZ	20190128	9.8194	9.9096	9.611	9.6561	9.7518	-0.095699999999999	-0.9814	10344.29	17908.048	1.2996	1.4240000000000002	0.91	13.4395	12.1642	1.6519	1.4032	1.3053	0.7546	0.7546	23658.0	7959.75	7264.5	405498.12	136430.115	-0.001170244715775552
002918.SZ	20190129	9.6448	9.7011	9.1321	9.3744	9.6561	-0.2817000000000007	-2.9173	10871.77	18143.319	1.3658	1.4966	1.08	13.0475	11.8093	1.6037	1.3622	1.2672	0.7772	0.7772	23658.0	7959.75	7264.5	393669.12	132450.24	-0.011424731182795602
002918.SZ	20190130	9.2673	9.38	9.1941	9.2054	9.3744	-0.1690000000000004	-1.8028	8863.35	14615.612	1.1135	1.2201	0.86	12.8122	11.5964	1.5748	1.3377	1.2444	0.7915	0.7915	23658.0	7959.75	7264.5	386571.72	130062.315	-0.0006192017728723522
002918.SZ	20190131	9.1997	9.3237	9.0195	9.0871	9.2054	-0.1182999999999996	-1.2851	8459.3	13762.03	1.0628	1.1645	0.78	12.6476	11.4474	1.5546	1.3205	1.2284	0.8018	0.8018	23658.0	7959.75	7264.5	381603.54	128390.7675	0.004335816707200377
002918.SZ	20190201	9.1265	9.3857	9.1265	9.38	9.0871	0.2929000000000013	3.2233	7827.14	12896.027	0.9833	1.0775	0.74	13.0553	11.8164	1.6047	1.3631	1.268	0.7768	0.7768	23658.0	7959.75	7264.5	393905.7	132529.8375	0.0
002918.SZ	20190211	9.38	9.6279	9.3744	9.6166	9.38	0.2365999999999993	2.5224	9450.84	15988.409	1.1873	1.301	1.02	13.3846	12.1145	1.6452	1.3974	1.3	0.7577	0.7577	23658.0	7959.75	7264.5	403842.06	135872.9325	0.0023501029469875654
002918.SZ	20190212	9.6392	9.8082	9.5659	9.6955	9.6166	0.078899999999999	0.8205	12540.0	21563.681	1.5754	1.7262	1.38	13.4944	12.2139	1.6587	1.4089	1.3106	0.7515	0.7515	23658.0	7959.75	7264.5	407154.18	136987.2975	0.0
002918.SZ	20190213	9.6955	9.9039	9.6673	9.8532	9.6955	0.1577000000000001	1.6265	19382.06	33802.215	2.435	2.6681	2.06	13.7139	12.4126	1.6856	1.4318	1.332	0.7395	0.7395	23658.0	7959.75	7264.5	413778.42	139216.0275	0.0005784922664719002
002918.SZ	20190214	9.8589	9.9039	9.7687	9.8589	9.8532	0.0057000000000009	0.0578	14000.89	24453.272	1.759	1.9273	1.21	13.7218	12.4197	1.6866	1.4326	1.3327	0.7390000000000001	0.7390000000000001	23658.0	7959.75	7264.5	414015.0	139295.625	0.0
002918.SZ	20190215	9.8589	9.949	9.8025	9.842	9.8589	-0.0168999999999996	-0.1714	13706.58	24009.5	1.722	1.8868	1.08	13.6983	12.3984	1.6837	1.4302	1.3304	0.7403	0.7403	23658.0	7959.75	7264.5	413305.26	139056.8325	0.007437512700670588
002918.SZ	20190218	9.9152	10.1406	9.8589	10.118	9.842	0.2759999999999998	2.8043	19051.13	33949.366	2.3934	2.6225	1.38	14.0825	12.7461	1.7309	1.4703	1.3678	0.7201	0.7201	23658.0	7959.75	7264.5	424897.68	142957.11	0.011692033998813958
002918.SZ	20190219	10.2363	10.2814	9.949	10.0223	10.118	-0.0957000000000007	-0.9458	21808.87	39031.595	2.7399	3.0021	1.39	13.9492	12.6255	1.7146	1.4564	1.3548	0.727	0.727	23658.0	7959.75	7264.5	420875.82	141603.9525	0.00337247937100278
002918.SZ	20190220	10.0561	10.0842	9.8701	10.0673	10.0223	0.0449999999999999	0.449	16020.53	28450.001	2.0127	2.2053	0.91	14.0119	12.6823	1.7223	1.4629	1.3609	0.7237	0.7237	23658.0	7959.75	7264.5	422768.46	142240.7325	0.0011224459388316937
002918.SZ	20190221	10.0786	10.1969	9.9208	9.9434	10.0673	-0.123899999999999	-1.2307	23377.68	41809.743	2.937	3.2181	1.38	13.8394	12.5261	1.7011	1.4449	1.3441	0.7328	0.7328	23658.0	7959.75	7264.5	417563.7	140489.5875	0.0005631876420539637
002918.SZ	20190222	9.949	10.242	9.949	10.2025	9.9434	0.2591000000000001	2.6057	21333.41	38189.516	2.6802	2.9367	1.14	14.2001	12.8526	1.7454	1.4826	1.3792	0.7142	0.7142	23658.0	7959.75	7264.5	428446.38	144151.0725	0.00496937025238903
002918.SZ	20190225	10.2532	10.7546	10.2532	10.6927	10.2025	0.4901999999999998	4.8047	42172.79	78987.243	5.2983	5.8053	2.08	14.8823	13.47	1.8292	1.5538	1.4454	0.6814	0.6814	23658.0	7959.75	7264.5	449028.84	151076.055	0.010006827087639166
002918.SZ	20190226	10.7997	11.0926	10.749	10.7828	10.6927	0.0900999999999996	0.8426	41907.58	81052.157	5.2649	5.7688	1.68	15.0077	12.477	1.7757	1.5669	1.4113	0.6757	0.6757	23658.0	7959.75	7264.5	452814.12	152349.615	-0.007317208888229317
002918.SZ	20190227	10.7039	10.9743	10.5913	10.6814	10.7828	-0.1013999999999999	-0.9404	33389.72	64100.181	4.1948	4.5963	1.15	14.8666	12.3597	1.759	1.5522	1.3981	0.6821	0.6821	23658.0	7959.75	7264.5	448555.68	150916.86	0.0026401033572378157
002918.SZ	20190228	10.7096	11.1433	10.7096	10.8617	10.6814	0.1803000000000008	1.6880000000000002	27624.49	53609.078	3.4705	3.8027	0.85	15.1175	12.5683	1.7887	1.5784	1.4217	0.6708	0.6708	23658.0	7959.75	7264.5	456126.24	153463.98	0.003111851735916052
002918.SZ	20190301	10.8955	11.025	10.7096	10.9067	10.8617	0.0449999999999999	0.4143	23857.44	45892.506	2.9973	3.2841	0.72	15.1802	12.6204	1.7961	1.5849	1.4276	0.6679999999999999	0.6679999999999999	23658.0	7959.75	7264.5	458018.88	154100.76	-0.004648518800370493
002918.SZ	20190304	10.856	11.1321	10.856	10.9631	10.9067	0.0564	0.5171	38145.29	74486.87599999999	4.7923	5.2509	1.13	15.2586	12.6856	1.8054	1.5931	1.4349	0.6646	0.6646	23658.0	7959.75	7264.5	460384.68	154896.735	-0.0010307303591137824
002918.SZ	20190305	10.9518	11.2279	10.856	11.2222	10.9631	0.2591000000000001	2.3634	38021.16	74409.125	4.7767	5.2338	1.15	15.6193	12.9855	1.8481	1.6308	1.4689	0.6493	0.6493	23658.0	7959.75	7264.5	471267.36	158558.22	-0.0009980217782609953
002918.SZ	20190306	11.211	11.2617	11.0138	11.2617	11.2222	0.0394999999999985	0.352	43036.73	85198.239	5.4068	5.9243	1.34	15.6742	13.0311	1.8546	1.6365	1.474	0.647	0.647	23658.0	7959.75	7264.5	472923.42	159115.4025	0.0004972606267260858
002918.SZ	20190307	11.2673	11.6616	11.1997	11.549	11.2617	0.2873000000000001	2.5511	51251.96	103919.642	6.4389	7.0551	1.5	16.0741	13.3636	1.9019	1.6782	1.5116	0.6309	0.6309	23658.0	7959.75	7264.5	484989.0	163174.875	-0.039025023811585374
002918.SZ	20190308	11.0983	11.3631	10.811	10.8279	11.549	-0.7210999999999999	-6.2438	48744.88	96163.101	6.1239	6.71	1.25	15.0704	12.5292	1.7832	1.5734	1.4172	0.6729	0.6729	23658.0	7959.75	7264.5	454706.76	152986.395	0.009364696755603573
002918.SZ	20190311	10.9293	11.1546	10.8335	11.1433	10.8279	0.3154000000000003	2.9128	28258.73	55427.66099999999	3.5502	3.89	0.64	15.5095	12.8942	1.8351	1.6193	1.4585	0.6539	0.6539	23658.0	7959.75	7264.5	467955.24	157443.855	0.002028124523256183
002918.SZ	20190312	11.1659	11.4307	11.1659	11.3631	11.1433	0.2197999999999993	1.9725	41223.34	82722.666	5.178999999999999	5.6746	0.98	15.8153	13.1485	1.8713	1.6512	1.4873	0.6412	0.6412	23658.0	7959.75	7264.5	477181.86	160548.1575	-0.0034761640749442087
002918.SZ	20190313	11.3236	11.5771	11.0532	11.149	11.3631	-0.2141000000000001	-1.8842	35385.26	71450.146	4.4455	4.871	0.83	15.5174	12.9007	1.836	1.6201	1.4593	0.6535	0.6535	23658.0	7959.75	7264.5	468191.82	157523.4525	-0.005561036864292707
002918.SZ	20190314	11.087	11.2842	10.7603	10.9405	11.149	-0.208499999999999	-1.8701	25863.81	50350.913	3.2493	3.5603	0.63	15.2273	12.6595	1.8017	1.5898	1.432	0.6659999999999999	0.6659999999999999	23658.0	7959.75	7264.5	459438.36	154578.345	0.0015447191627439051
002918.SZ	20190315	10.9574	11.2391	10.9405	11.1828	10.9405	0.2423000000000001	2.2147	23884.08	47210.044	3.0006	3.2878	0.67	15.5644	12.9398	1.8416	1.625	1.4637	0.6516	0.6516	23658.0	7959.75	7264.5	469611.3	158001.0375	0.0035232678756662505
002918.SZ	20190318	11.2222	11.5039	11.0983	11.5039	11.1828	0.3210999999999995	2.8714	38227.78	77204.27	4.8026	5.2623	1.24	16.0114	13.3114	1.8945	1.6717	1.5057	0.6334	0.6334	23658.0	7959.75	7264.5	483096.36	162538.095	0.0048939924721181725
002918.SZ	20190319	11.5602	11.9095	11.4983	11.6842	11.5039	0.1803000000000008	1.5673	41304.55	85575.089	5.1892	5.6858	1.25	16.2623	13.52	1.9242	1.6979	1.5293	0.6236	0.6236	23658.0	7959.75	7264.5	490666.92	165085.215	-0.006752708786224205
002918.SZ	20190320	11.6053	11.825	11.3518	11.6053	11.6842	-0.0789000000000008	-0.6753	32686.04	67194.859	4.1064	4.4994	0.99	16.1525	13.4288	1.9112	1.6864	1.519	0.6278	0.6278	23658.0	7959.75	7264.5	487354.8	163970.85	0.004368693614124655
002918.SZ	20190321	11.656	11.7236	11.4701	11.5433	11.6053	-0.0619999999999993	-0.5342	25973.18	53544.934	3.2631	3.5754	0.8	16.0662	13.3571	1.901	1.6774	1.5109	0.6312	0.6312	23658.0	7959.75	7264.5	484752.42	163095.2775	0.007814056638916028
002918.SZ	20190322	11.6335	11.9152	11.5039	11.9095	11.5433	0.3661999999999992	3.1724	40682.24	84690.85	5.1110000000000015	5.6001	1.26	16.5759	13.7808	1.9613	1.7306	1.5588	0.6118	0.6118	23658.0	7959.75	7264.5	500130.12	168269.115	-0.018447457911751088
002918.SZ	20190325	11.6898	12.6757	11.6447	12.0673	11.9095	0.1577999999999999	1.325	61852.17	134502.593	7.7706	8.5143	1.73	16.7955	13.9633	1.9873	1.7536	1.5795	0.6038	0.6038	23658.0	7959.75	7264.5	506754.36	170497.845	0.01120383184308015
002918.SZ	20190326	12.2025	12.6194	12.0447	12.163	12.0673	0.0957000000000007	0.7931	49364.38	108066.608	6.2018	6.7953	1.22	16.9288	14.0741	2.003	1.7675	1.592	0.599	0.599	23658.0	7959.75	7264.5	510776.22	171851.0025	0.006486886458932754
002918.SZ	20190327	12.2419	12.4954	11.949000000000002	12.3095	12.163	0.1464999999999996	1.2045	32270.99	69932.591	4.0543	4.4423	0.77	17.1326	14.2436	2.0272	1.7888	1.6112	0.5919	0.5919	23658.0	7959.75	7264.5	516927.3	173920.5375	0.0
002918.SZ	20190328	12.3095	13.1433	12.1968	12.8334	12.3095	0.5238999999999994	4.2561	55794.54	126813.846	7.0096	7.6804	1.33	17.8618	14.8499	2.1134	1.8649	1.6797	0.5677	0.5677	23658.0	7959.75	7264.5	538929.24	181323.105	0.007901257655804381
002918.SZ	20190329	12.9348	13.4531	12.6813	13.3517	12.8334	0.5183	4.0387	61128.13	142540.735	7.6797	8.4146	1.27	18.5832	15.4496	2.1988	1.9402	1.7476	0.5457	0.5457	23658.0	7959.75	7264.5	560694.6	188646.075	-0.00041942224585628674
002918.SZ	20190401	13.3461	14.1968	13.255999999999998	14.1348	13.3517	0.783100000000001	5.8652	56244.1	138779.965	7.0661	7.7423	1.08	19.6731	16.3557	2.3278	2.0540000000000003	1.8501	0.5155	0.5155	23658.0	7959.75	7264.5	593579.22	199710.1275	0.0023912612842063126
002918.SZ	20190402	14.1686	15.2615	14.1404	14.7601	14.1348	0.6252999999999993	4.4238	79611.48	209052.374	10.0018	10.959	1.56	20.5435	17.0793	2.4307	2.1449	1.9319	0.4936	0.4936	23658.0	7959.75	7264.5	619839.6	208545.45	0.0038211123230872425
002918.SZ	20190403	14.8165	15.9038	14.2531	15.9038	14.7601	1.1437000000000008	7.7486	72806.67	197878.485	9.1469	10.0223	1.28	22.1352	18.4026	2.6191	2.3111	2.0816	0.4581	0.4581	23658.0	7959.75	7264.5	667865.34	224703.7425	0.012399552308253292
002918.SZ	20190404	16.101	16.2643	15.3122	15.4193	15.9038	-0.4845000000000006	-3.0464	52200.03	145097.374	6.558	7.1856	0.8	21.4609	17.842	2.5393	2.2406	2.0182	0.4725	0.4725	23658.0	7959.75	7264.5	647519.46	217858.3575	0.004747297218421065
002918.SZ	20190408	15.4925	15.4925	14.563	14.9292	15.4193	-0.4901	-3.1785	50818.4	136152.09900000002	6.3844	6.9954	0.79	20.7787	17.2749	2.4586	2.1694	1.954	0.4881	0.4881	23658.0	7959.75	7264.5	626937.0	210933.375	0.00792406826889583
002918.SZ	20190409	15.0475	15.9939	14.9348	15.8305	14.9292	0.9013000000000008	6.0372	53373.49	147964.322	6.7054	7.3472	0.86	22.0333	18.3179	2.607	2.3004	2.072	0.4603	0.4603	23658.0	7959.75	7264.5	664789.8	223668.975	-0.003910173399450516
002918.SZ	20190410	15.7686	15.7686	14.9855	15.2672	15.8305	-0.5632999999999999	-3.5583	25827.32	70324.983	3.2447	3.5553	0.42	21.2492	17.666	2.5142	2.2185	1.9983	0.4772	0.4772	23658.0	7959.75	7264.5	641131.8	215709.225	0.0
002918.SZ	20190411	15.2672	15.7742	14.7207	15.0475	15.2672	-0.2197000000000013	-1.439	34441.28	92334.852	4.3269	4.7410000000000005	0.68	20.9434	17.4118	2.4781	2.1866	1.9695	0.4842	0.4842	23658.0	7959.75	7264.5	631905.18	212604.9225	-0.008984881209503194
002918.SZ	20190412	14.9123	15.1263	14.2306	14.5348	15.0475	-0.5126999999999988	-3.4072	27142.2	70318.05099999999	3.4099	3.7363	0.63	20.2298	16.8185	2.3936	2.1121	1.9024	0.5013	0.5013	23658.0	7959.75	7264.5	610376.4	205361.55	0.01860362715689233
002918.SZ	20190415	14.8052	15.3122	14.2813	14.2926	14.5348	-0.2422000000000004	-1.6663	24518.5	63797.857	3.0803	3.3751	0.64	19.8927	16.5382	2.3537	2.0769	1.8707	0.5098	0.5098	23658.0	7959.75	7264.5	600203.46	201938.8575	0.017337643255950618
002918.SZ	20190416	14.5404	14.7658	14.1066	14.732	14.2926	0.4393999999999991	3.0743	22543.36	57921.769	2.8322	3.1032	0.68	20.5043	17.0467	2.4261	2.1408	1.9282	0.4946	0.4946	23658.0	7959.75	7264.5	618656.7	208147.4625	0.006115938093945249
002918.SZ	20190417	14.8221	14.8954	14.2531	14.3489	14.732	-0.3830999999999989	-2.6005	25323.0	64874.349	3.1814	3.4859	0.94	19.9711	16.6034	2.363	2.0851	1.8781	0.5078	0.5078	23658.0	7959.75	7264.5	602569.26	202734.8325	0.008244534424241553
002918.SZ	20190418	14.4672	14.6249	14.2531	14.3376	14.3489	-0.0113000000000003	-0.0788	24138.46	61876.058	3.0326	3.3228	0.9	19.9554	16.5904	2.3612	2.0835	1.8766	0.5082	0.5082	23658.0	7959.75	7264.5	602096.1	202575.6375	0.005112431648253522
002918.SZ	20190419	14.4109	14.6475	14.1855	14.4728	14.3376	0.1351999999999993	0.943	17661.47	45253.712	2.2188	2.4312	0.71	20.1436	16.7468	2.3834	2.1031	1.8943	0.5034	0.5034	23658.0	7959.75	7264.5	607774.02	204485.9775	0.0015615499419601336
002918.SZ	20190422	14.4954	14.5799	13.5207	13.7855	14.4728	-0.6872999999999987	-4.7489	39009.24	96399.109	4.9008	5.3698	1.71	19.187	15.9515	2.2702	2.0032	1.8044	0.5285	0.5285	23658.0	7959.75	7264.5	578911.26	194775.0825	0.004903703166370372
002918.SZ	20190423	13.8531	14.2419	13.5207	13.87	13.7855	0.0844999999999984	0.613	25286.94	62779.103	3.1769	3.4809	0.98	19.3046	16.0493	2.2841	2.0155	1.8154	0.5253	0.5253	23658.0	7959.75	7264.5	582459.96	195969.045	0.03493150684931511
002918.SZ	20190424	14.3545	14.732	14.1743	14.3264	13.87	0.4564000000000004	3.2906	35176.22	89921.55099999998	4.4193	4.8422	1.34	16.6018	16.6018	2.3598	1.8751	1.8751	0.5086	0.5086	23658.0	7959.75	7264.5	601622.94	202416.4425	-0.0015775072593253604
002918.SZ	20190425	14.3038	14.901	13.9151	14.6024	14.3264	0.2759999999999998	1.9265	42650.12	109944.906	5.3582	5.871	1.51	16.9217	16.9217	2.4053	1.9113	1.9113	0.499	0.499	23658.0	7959.75	7264.5	613215.36	206316.72	-0.018134005368980393
002918.SZ	20190426	14.3376	14.5911	13.9207	14.0897	14.6024	-0.5126999999999988	-3.5111	24421.69	61780.55	3.0681	3.3618	0.76	16.3276	16.3276	2.3209	1.8442	1.8442	0.5171	0.5171	23658.0	7959.75	7264.5	591686.58	199073.3475	-0.015188400036906422
002918.SZ	20190429	13.8757	14.0897	13.2672	13.425	14.0897	-0.6646999999999998	-4.7176	22865.65	55355.47	2.8727	3.1476	0.69	15.5573	15.269	2.1647	1.7572	1.7216	0.5427	0.5427	23658.0	7959.75	7264.5	563770.14	189680.8425	0.0020931098696460675
002918.SZ	20190430	13.4531	14.0503	13.3912	13.8926	13.425	0.4675999999999991	3.4831	19377.22	47218.715	2.4344	2.6674	0.64	16.0991	15.8008	2.2401	1.8184	1.7816	0.5245	0.5245	23658.0	7959.75	7264.5	583406.28	196287.435	-0.03487468148510722
002918.SZ	20190506	13.4081	13.4081	12.5011	12.5067	13.8926	-1.3858999999999997	-9.9758	27033.29	61394.663	3.3962	3.7213	0.94	14.4931	14.2245	2.0166	1.6369999999999998	1.6039	0.5826	0.5826	23658.0	7959.75	7264.5	525207.6	176706.45	0.007204138581720167
002918.SZ	20190507	12.5968	12.9968	12.5799	12.9743	12.5067	0.4675999999999991	3.7388	18594.19	42236.888	2.336	2.5596	0.68	15.035	14.7564	2.092	1.6982	1.6638	0.5616	0.5616	23658.0	7959.75	7264.5	544843.74	183313.0425	-0.01823605127058872
002918.SZ	20190508	12.7377	13.2165	12.5349	12.9348	12.9743	-0.0395000000000003	-0.3044	12326.0	28413.724	1.5485	1.6967	0.55	14.9893	14.7115	2.0857	1.693	1.6588	0.5633	0.5633	23658.0	7959.75	7264.5	543187.68	182755.86	0.0008736122707734415
002918.SZ	20190509	12.9461	13.300999999999998	12.7884	13.0025	12.9348	0.0677000000000003	0.5234	11870.53	27632.823	1.4913	1.634	0.59	15.0676	14.7884	2.0966	1.7019	1.6674	0.5604	0.5604	23658.0	7959.75	7264.5	546026.64	183711.03	0.00736012305325905
002918.SZ	20190510	13.0982	13.6222	13.0025	13.5545	13.0025	0.5520000000000014	4.2453	18863.35	45030.363	2.3698	2.5966	1.06	15.7074	15.4163	2.1856	1.7741	1.7382	0.5375	0.5375	23658.0	7959.75	7264.5	569211.48	191511.585	0.0004205245490426906
002918.SZ	20190513	13.5602	13.8813	13.3517	13.5996	13.5545	0.0450999999999996	0.3327	13034.54	31578.302000000003	1.6376	1.7943	0.73	15.7596	15.4676	2.1929	1.78	1.744	0.5358	0.5358	23658.0	7959.75	7264.5	571104.12	192148.365	-0.01822847730815622
002918.SZ	20190514	13.3517	13.6222	13.1433	13.1771	13.5996	-0.4225000000000012	-3.1067	14389.39	33963.239	1.8078	1.9808	0.96	15.27	14.987	2.1247	1.7247	1.6898	0.5529	0.5529	23658.0	7959.75	7264.5	553360.62	186178.5525	0.002565056044197977
002918.SZ	20190515	13.2109	13.4306	13.1377	13.2954	13.1771	0.1183000000000014	0.8978	14122.0	33255.459	1.7742	1.944	1.0	15.4071	15.1216	2.1438	1.7402	1.705	0.5479999999999999	0.5479999999999999	23658.0	7959.75	7264.5	558328.8	187850.1	0.0
002918.SZ	20190516	13.2954	13.5151	13.2391	13.4362	13.2954	0.1407999999999987	1.0590000000000002	9863.81	23505.52	1.2392	1.3578	0.68	15.5703	15.2818	2.1665	1.7586	1.7231	0.5423	0.5423	23658.0	7959.75	7264.5	564243.3	189840.0375	0.008387788213929551
002918.SZ	20190517	13.5489	13.5658	12.7208	12.8785	13.4362	-0.5576999999999988	-4.1507	12358.28	28777.869	1.5526	1.7012	0.88	14.924	14.6474	2.0766	1.6856	1.6515	0.5658	0.5658	23658.0	7959.75	7264.5	540821.88	181959.885	-0.00043483324921389597
002918.SZ	20190520	12.8729	13.1433	12.6194	13.0701	12.8785	0.1915999999999993	1.4878	8498.65	19454.668	1.0677	1.1699	0.67	15.146	14.8653	2.1075	1.7107	1.6761	0.5575	0.5575	23658.0	7959.75	7264.5	548865.6	184666.2	0.0017214864461633098
002918.SZ	20190521	13.0926	13.5151	12.9123	13.3517	13.0701	0.2815999999999992	2.1545	13361.79	31675.345	1.6787	1.8393	1.13	15.4724	15.1857	2.1529	1.7476	1.7122	0.5457	0.5457	23658.0	7959.75	7264.5	560694.6	188646.075	0.01223814195945094
002918.SZ	20190522	13.5151	13.5771	13.132	13.2841	13.3517	-0.0675999999999987	-0.5063	8538.5	20125.302	1.0727	1.1754	0.73	15.394	15.1088	2.142	1.7387	1.7036	0.5485	0.5485	23658.0	7959.75	7264.5	557855.64	187690.905	-0.008476298733071904
002918.SZ	20190523	13.1715	13.1715	12.7884	12.8053	13.2841	-0.4787999999999997	-3.6043	9145.37	21036.431	1.149	1.2589	0.87	14.8391	14.5641	2.0648	1.6761	1.6422	0.569	0.569	23658.0	7959.75	7264.5	537746.34	180925.1175	0.0
002918.SZ	20190524	12.8053	13.0081	12.225	12.7039	12.8053	-0.1013999999999999	-0.7919	12493.54	27820.434	1.5696	1.7198	1.2	14.7216	14.4488	2.0484	1.6628	1.6291	0.5735	0.5735	23658.0	7959.75	7264.5	533487.9	179492.3625	0.00665150072025114
002918.SZ	20190527	12.7884	12.8898	12.2813	12.7884	12.7039	0.0844999999999984	0.6652	14643.87	32723.986	1.8397	2.0158	1.41	14.8195	14.5449	2.0621	1.6738	1.64	0.5698	0.5698	23658.0	7959.75	7264.5	537036.6	180686.325	-0.011455694222889464
002918.SZ	20190528	12.6419	12.8785	12.5461	12.5912	12.7884	-0.1971999999999987	-1.5419999999999998	11081.58	24969.17	1.3922	1.5254	0.95	14.591	14.3207	2.0303	1.648	1.6147	0.5787	0.5787	23658.0	7959.75	7264.5	528756.3	177900.4125	-0.009395450791028766
002918.SZ	20190529	12.4729	12.6588	12.4616	12.5687	12.5912	-0.0225000000000008	-0.1787	10007.0	22312.911	1.2572	1.3775	0.9	14.5649	14.295	2.0266	1.6451	1.6118	0.5797	0.5797	23658.0	7959.75	7264.5	527809.98	177582.0225	0.0062695425939039914
002918.SZ	20190530	12.6475	12.6475	12.3997	12.563	12.5687	-0.0056999999999991	-0.0454	7710.27	17097.282	0.9687	1.0614	0.67	14.5584	14.2886	2.0257	1.6444	1.6111	0.58	0.58	23658.0	7959.75	7264.5	527573.4	177502.425	0.0
002918.SZ	20190531	12.563	12.7884	12.332	12.5123	12.563	-0.0507000000000008	-0.4036	11386.0	25216.723	1.4304	1.5673	1.02	14.4996	14.231	2.0175	1.6377	1.6046	0.5823	0.5823	23658.0	7959.75	7264.5	525444.18	176786.0475	-0.0035964610822950163
002918.SZ	20190603	12.4673	12.5405	12.1123	12.394	12.5123	-0.1182999999999996	-0.9455	13862.98	30242.363	1.7416	1.9083	1.26	14.3626	14.0964	1.9985	1.6222	1.5894	0.5879	0.5879	23658.0	7959.75	7264.5	520476.0	175114.5	-0.004090689043085433
002918.SZ	20190604	12.3433	12.3602	11.594	11.9264	12.394	-0.4676000000000009	-3.7728	18627.29	39327.192	2.3402	2.5642	1.72	13.8207	13.5646	1.9231	1.561	1.5294	0.6109	0.6109	23658.0	7959.75	7264.5	500839.86	168507.9075	-0.002834048832841376
002918.SZ	20190605	11.8926	12.0391	11.6898	11.8476	11.9264	-0.0787999999999993	-0.6607	10051.01	21143.986	1.2627	1.3836	0.82	13.7293	13.4749	1.9104	1.5507	1.5193	0.615	0.615	23658.0	7959.75	7264.5	497527.74	167393.5425	-0.0004811100982476747
002918.SZ	20190606	11.8419	12.8447	11.5208	11.6222	11.8476	-0.2254000000000005	-1.9025	20113.35	41733.604	2.5269	2.7687	1.63	13.4682	13.2186	1.874	1.5212	1.4904	0.6269	0.6269	23658.0	7959.75	7264.5	488064.54	164209.6425	0.01744936414792379
002918.SZ	20190610	11.825	11.9715	11.6616	11.7743	11.6222	0.1521000000000008	1.3087	12566.56	26346.069	1.5788	1.7299	0.85	13.6444	13.3916	1.8985	1.5411	1.5099	0.6188	0.6188	23658.0	7959.75	7264.5	494452.2	166358.775	0.001919434701001386
002918.SZ	20190611	11.7969	12.3715	11.7969	12.3039	11.7743	0.5296000000000003	4.4979	20104.47	43236.89599999999	2.5258	2.7675	1.34	14.2581	13.9939	1.9839	1.6104	1.5779	0.5922	0.5922	23658.0	7959.75	7264.5	516690.72	173840.94	-0.00046326774437381043
002918.SZ	20190612	12.2982	12.5912	12.225	12.4673	12.3039	0.1633999999999993	1.328	16611.08	36640.102	2.0869	2.2866	1.02	14.4474	14.1797	2.0103	1.6318	1.5988	0.5844	0.5844	23658.0	7959.75	7264.5	523551.54	176149.2675	-0.0022619171753306654
002918.SZ	20190613	12.4391	12.7095	12.3151	12.5574	12.4673	0.0900999999999996	0.7227	12589.54	27889.721	1.5817	1.733	0.79	14.5519	14.2822	2.0248	1.6436	1.6104	0.5802	0.5802	23658.0	7959.75	7264.5	527336.82	177422.8275	0.0
002918.SZ	20190614	12.5574	12.7489	12.1968	12.2532	12.5574	-0.3041999999999998	-2.4225	14247.92	31348.242	1.79	1.9613	0.87	14.1993	13.9362	1.9758	1.6038	1.5714	0.5946		23658.0	7959.75	7264.5	514561.5	173124.5625	0.0
002918.SZ	20190617	12.2532	12.4278	11.9997	12.1518	12.2532	-0.1013999999999999	-0.8275	18973.51	40872.914	2.3837	2.6118	1.25	14.0818	13.8209	1.9594	1.5905	1.5583	0.5996		23658.0	7959.75	7264.5	510303.06	171691.8075	0.0017363682746589445
002918.SZ	20190618	12.1729	12.1729	11.5789	11.7639	12.1534	-0.3895	-3.2049	30563.46	37179.946	2.2587	2.4748	1.85	13.4068	13.1583	1.9267	1.5143	1.4836	0.6298	1.7043	40218.6	13531.575	12349.65	485840.688	163461.426	0.018208247264937645
002918.SZ	20190619	11.9781	12.1632	11.91	11.9684	11.7639	0.2045000000000012	1.7384	36615.92	45280.698	2.7060000000000004	2.9649	1.97	13.6399	13.3871	1.9602	1.5406	1.5094	0.619	1.6752	40218.6	13531.575	12349.65	494286.594	166303.0568	0.004879516058955156
002918.SZ	20190620	12.0268	12.2703	11.7834	12.1632	11.9684	0.1947999999999989	1.6276	37999.4	47134.321	2.8082	3.077	1.68	13.8618	13.6049	1.9921	1.5657	1.534	0.6091	1.6484	40218.6	13531.575	12349.65	502330.314	169009.3718	0.008805248618784602
002918.SZ	20190621	12.2703	12.4456	12.1339	12.3384	12.1632	0.1752000000000002	1.4404	37203.06	46879.569	2.7494	3.0125	1.34	14.0616	13.800999999999998	2.0208	1.5882	1.5561	0.6005	1.625	40218.6	13531.575	12349.65	509569.662	171445.0553	0.0023747001231925707
002918.SZ	20190624	12.3677	12.3677	11.9392	12.1826	12.3384	-0.1557999999999992	-1.2627	32332.4	40374.248	2.3894	2.6181	1.0	13.884	13.6267	1.9953	1.5682	1.5365	0.6081	1.6457	40218.6	13531.575	12349.65	503134.686	169280.0033	0.0
002918.SZ	20190625	12.1826	12.1924	11.6178	11.8126	12.1826	-0.370000000000001	-3.0371	37444.15	45374.477	2.7672	3.032	1.07	13.4623	13.2128	1.9347	1.5205	1.4898	0.6272	1.6973	40218.6	13531.575	12349.65	487851.618	164138.0048	-0.0049523390278177915
002918.SZ	20190626	11.7541	12.0268	11.6081	11.6568	11.8126	-0.1557999999999992	-1.3189	37195.47	44985.241	2.7488	3.0119	1.02	13.2847	13.0385	1.9092	1.5005	1.4701	0.6356	1.72	40218.6	13531.575	12349.65	481416.6420000001	161972.9528	0.002504975636538282
002918.SZ	20190627	11.686	11.7834	11.5983	11.6568	11.6568	0.0	0.0	31123.16	37321.186	2.3	2.5202	0.85	13.2847	13.0385	1.9092	1.5005	1.4701	0.6356	1.72	40218.6	13531.575	12349.65	481416.6420000001	161972.9528	0.025899046050374016
002918.SZ	20190628	11.9587	11.9587	11.3549	11.4036	11.6568	-0.2531999999999996	-2.1721	37202.18	43933.446	2.7493	3.0124	1.06	12.9962	12.7553	1.8677	1.4679	1.4382	0.6497	1.7582	40218.6	13531.575	12349.65	470959.806	158454.7433	0.021344136939212124
002918.SZ	20190701	11.647	11.7639	11.4815	11.7347	11.4036	0.3310999999999993	2.9035	42847.8	51354.098	3.1665	3.4696	1.22	13.3735	13.1257	1.922	1.5105	1.48	0.6314	1.7086	40218.6	13531.575	12349.65	484634.13	163055.4788	0.0
002918.SZ	20190702	11.7347	12.056	11.6665	11.9392	11.7347	0.2044999999999994	1.7427	37713.04	46135.06200000001	2.787	3.0538	1.01	13.6066	13.3544	1.9555	1.5368	1.5058	0.6205	1.6793	40218.6	13531.575	12349.65	493080.036	165897.1095	-0.005712275529348629
002918.SZ	20190703	11.871	12.1242	11.8028	12.0463	11.9392	0.1071000000000008	0.897	32916.16	40531.775	2.4325	2.6654	0.88	13.7286	13.4742	1.973	1.5506	1.5193	0.615	1.6644	40218.6	13531.575	12349.65	497504.08200000005	167385.5828	0.0064667159210711695
002918.SZ	20190704	12.1242	12.1242	11.8028	11.871	12.0463	-0.1753	-1.4552	24526.7	30043.602000000006	1.8126	1.986	0.67	13.5289	13.2782	1.9443	1.5281	1.4972	0.6241	1.6889	40218.6	13531.575	12349.65	490264.734	164949.8993	0.005745093083986113
002918.SZ	20190705	11.9392	11.9879	11.8223	11.9294	11.871	0.0583999999999989	0.4920000000000001	17537.37	21421.433	1.296	1.4201	0.5	13.5955	13.3435	1.9539	1.5356	1.5045	0.621	1.6807	40218.6	13531.575	12349.65	492677.85	165761.7938	-0.005708585511425502
002918.SZ	20190708	11.8613	11.9002	11.4912	11.501	11.9294	-0.4283999999999999	-3.5911	26240.1	31297.071	1.9392	2.1248	0.84	13.1071	12.8642	1.8837	1.4804	1.4505	0.6442	1.7433	40218.6	13531.575	12349.65	474981.666	159807.9008	0.0
002918.SZ	20190709	11.501	11.7152	11.3744	11.5691	11.501	0.0681000000000011	0.5921	20669.04	24464.872000000007	1.5275	1.6737	0.74	13.1848	12.9405	1.8948	1.4892	1.4591	0.6404	1.733	40218.6	13531.575	12349.65	477796.968	160755.111	0.003371048741907296
002918.SZ	20190710	11.6081	12.0755	11.6081	12.0268	11.5691	0.4576999999999991	3.9562	50866.31	62189.794	3.7591	4.1188	2.09	13.7064	13.4525	1.9698	1.5481	1.5168	0.616	1.6671	40218.6	13531.575	12349.65	496699.71	167114.9513	0.011341337679183165
002918.SZ	20190711	12.1632	12.4066	11.9392	12.2119	12.0268	0.1851000000000002	1.5391	52052.46	65218.353	3.8467	4.2149	1.86	13.9173	13.6594	2.0001	1.5719	1.5401	0.6067	1.6418	40218.6	13531.575	12349.65	504341.244	169685.9505	0.007173330931304721
002918.SZ	20190712	12.2995	12.3774	12.0463	12.1242	12.2119	-0.0876999999999998	-0.7182	29672.95	37040.438	2.1929	2.4027	0.89	13.8174	13.5614	1.9858	1.5607	1.5291	0.6111	1.6537	40218.6	13531.575	12349.65	500721.57	168468.1088	0.0
002918.SZ	20190715	12.1242	12.3092	11.9002	12.2411	12.1242	0.1168999999999993	0.9642	30151.66	37702.739	2.2282	2.4415	0.84	13.9506	13.6921	2.0049	1.5757	1.5438	0.6052	1.6379	40218.6	13531.575	12349.65	505547.802	170091.8978	0.0007924124465938916
002918.SZ	20190716	12.2508	12.5624	12.0658	12.5624	12.2411	0.3213000000000008	2.6248	40249.88	50954.447	2.9745	3.2592	1.1	14.3169	14.0515	2.0575	1.6171	1.5844	0.5898	1.596	40218.6	13531.575	12349.65	518819.94	174557.3175	-0.00542093867413865
002918.SZ	20190717	12.4943	12.5624	12.2313	12.319	12.5624	-0.2433999999999994	-1.9375	32361.95	41235.556	2.3916	2.6205	0.8	14.0394	13.7792	2.0177	1.5857	1.5537	0.6014	1.6275	40218.6	13531.575	12349.65	508765.29	171174.4238	-0.01581297183212929
002918.SZ	20190718	12.1242	12.319	11.9879	11.9976	12.319	-0.3214000000000006	-2.609	23739.75	29467.94100000001	1.7544	1.9223	0.64	13.6731	13.4198	1.965	1.5444	1.5131	0.6175	1.6711	40218.6	13531.575	12349.65	495493.152	166709.00400000002	-0.004867640194705664
002918.SZ	20190719	11.9392	12.2898	11.9392	12.2216	11.9976	0.2240000000000002	1.867	22195.85	27628.974	1.6403	1.7973	0.71	13.9284	13.6703	2.0017	1.5732	1.5414	0.6062	1.6405	40218.6	13531.575	12349.65	504743.43	169821.2663	-0.00398474831445966
002918.SZ	20190722	12.1729	12.5332	11.7347	12.4261	12.2216	0.2044999999999994	1.6733	42049.3	53070.943	3.1075	3.4049	1.41	14.1615	13.899	2.0352	1.5995	1.5672	0.5962	1.6135	40218.6	13531.575	12349.65	513189.336	172662.897	-0.007057725271806914
002918.SZ	20190723	12.3384	12.7085	12.2508	12.6111	12.4261	0.1850000000000005	1.4888	40065.68	51686.892	2.9609	3.2443	1.25	14.3723	14.106	2.0655	1.6233	1.5905	0.5875	1.5898	40218.6	13531.575	12349.65	520830.87	175233.8963	0.006954191149067083
002918.SZ	20190724	12.6988	13.0591	12.5332	12.8059	12.6111	0.1947999999999989	1.5447	47200.21	62566.66099999999	3.4882	3.822	1.47	14.5943	14.3239	2.0974	1.6484	1.6151	0.5785	1.5656	40218.6	13531.575	12349.65	528874.59	177940.2113	0.0015227356140529553
002918.SZ	20190725	12.8254	13.0396	12.6014	12.6403	12.8059	-0.1655999999999995	-1.2932	35856.64	47050.747	2.6498	2.9035	1.02	14.4056	14.1387	2.0703	1.6271	1.5942	0.5861	1.5862	40218.6	13531.575	12349.65	522037.428	175639.8435	0.004628054713891319
002918.SZ	20190726	12.6988	12.8254	12.4943	12.8156	12.6403	0.1753	1.3868	28338.54	36826.236	2.0943	2.2947	0.76	14.6054	14.3348	2.099	1.6497	1.6163	0.5781	1.5645	40218.6	13531.575	12349.65	529276.7760000001	178075.527	-0.006078529292424829
002918.SZ	20190729	12.7377	12.913	12.5916	12.7182	12.8156	-0.0974000000000003	-0.76	22120.51	28811.356	1.6347	1.7912	0.57	14.4944	14.2258	2.0831	1.6371	1.604	0.5825	1.5764	40218.6	13531.575	12349.65	525254.916	176722.3695	-0.0015253730873865166
002918.SZ	20190730	12.6988	12.8838	12.6209	12.7182	12.7182	0.0	0.0	22430.52	29430.009	1.6576	1.8163	0.65	14.4944	14.2258	2.0831	1.6371	1.604	0.5825	1.5764	40218.6	13531.575	12349.65	525254.916	176722.3695	-0.005354531301599234
002918.SZ	20190731	12.6501	12.689	12.3384	12.3969	12.7182	-0.321299999999999	-2.5263	31959.24	40897.246	2.3618	2.5879	1.02	14.1282	13.8664	2.0304	1.5958	1.5635	0.5976	1.6173	40218.6	13531.575	12349.65	511982.778	172256.9498	0.003137881244504669
002918.SZ	20190801	12.4358	12.4358	11.9587	12.0171	12.3969	-0.3798000000000013	-3.0637	36639.56	45624.451	2.7077	2.9669	1.3	13.6953	13.4416	1.9682	1.5469	1.5156	0.6165	1.6684	40218.6	13531.575	12349.65	496297.524	166979.6355	-0.026745221392848427
002918.SZ	20190802	11.6957	11.8807	11.6081	11.6665	12.0171	-0.3506	-2.9175	28402.01	34207.462	2.0989	2.2998	1.0	13.2958	13.0494	1.9108	1.5017	1.4714	0.635	1.7186	40218.6	13531.575	12349.65	481818.828	162108.2685	-0.005005785796939862
002918.SZ	20190805	11.6081	11.8613	11.3938	11.4133	11.6665	-0.2531999999999996	-2.1703	20629.95	24566.142000000003	1.5246	1.6705	0.73	13.0072	12.7662	1.8693	1.4691	1.4394	0.6491	1.7567	40218.6	13531.575	12349.65	471361.992	158590.059	-0.027301481604794436
002918.SZ	20190806	11.1017	11.5983	10.6148	10.7706	11.4133	-0.6426999999999996	-5.6311	37002.94	41319.338	2.7346	2.9963	1.32	12.2748	12.0473	1.7641	1.3864	1.3584	0.6879	1.8615	40218.6	13531.575	12349.65	444817.716	149659.2195	0.008133251629435697
002918.SZ	20190807	10.8582	10.9653	10.7608	10.7998	10.7706	0.0291999999999994	0.2711	16811.27	18689.794	1.2424	1.3613	0.54	12.3081	12.08	1.7688	1.3902	1.3621	0.6859999999999999	1.8565	40218.6	13531.575	12349.65	446024.274	150065.1668	0.0
002918.SZ	20190808	10.7998	10.9264	10.7121	10.7511	10.7998	-0.0487000000000001	-0.4509	15280.79	16923.822	1.1293	1.2373	0.55	12.2526	12.0255	1.7609	1.3839	1.3559	0.6891	1.8649	40218.6	13531.575	12349.65	444013.344	149388.58800000002	0.010873305987294428
002918.SZ	20190809	10.868	10.868	10.4492	10.5563	10.7511	-0.1947999999999989	-1.8119	18379.9	20065.679	1.3583	1.4883	0.78	12.0306	11.8077	1.729	1.3588	1.3313	0.7018	1.8993	40218.6	13531.575	12349.65	435969.624	146682.27300000002	-0.00829836211551397
002918.SZ	20190812	10.4687	10.6927	10.3226	10.5953	10.5563	0.0389999999999997	0.3694	36613.1	39258.472	2.7058	2.9647	1.69	12.075	11.8512	1.7353	1.3639	1.3363	0.6993	1.8923	40218.6	13531.575	12349.65	437578.368	147223.536	0.0
002918.SZ	20190813	10.5953	10.644	10.2934	10.4103	10.5953	-0.1850000000000005	-1.7461	25809.7	27573.374	1.9074	2.0899	1.04	11.8641	11.6443	1.705	1.34	1.3129	0.7117	1.9259	40218.6	13531.575	12349.65	429936.834	144652.5368	0.011219657454636404
002918.SZ	20190814	10.5271	10.6927	10.5271	10.6537	10.4103	0.2434000000000012	2.3381	22968.97	25048.978	1.6974	1.8599	1.02	12.1416	11.9166	1.7449	1.3714	1.3436	0.6954	1.8819	40218.6	13531.575	12349.65	439991.484	148035.4305	-0.019195209176154877
002918.SZ	20190815	10.4492	10.868	10.1571	10.7608	10.6537	0.107099999999999	1.0053	27648.04	30200.16	2.0432	2.2388	1.16	12.2637	12.0364	1.7625	1.3852	1.3571	0.6885	1.8632	40218.6	13531.575	12349.65	444415.53	149523.9038	0.0045256858226154365
002918.SZ	20190816	10.8095	11.1893	10.8095	10.9653	10.7608	0.2044999999999994	1.9004	36127.49	40873.52	2.6699	2.9254	1.37	12.4967	12.2651	1.796	1.4115	1.3829	0.6757	1.8284	40218.6	13531.575	12349.65	452861.436	152365.5345	0.001778337117999575
002918.SZ	20190819	10.9848	11.7444	10.9848	11.5302	10.9653	0.5649000000000015	5.1517	58395.07	68239.704	4.3155	4.7285	1.96	13.1404	12.8969	1.8885	1.4842	1.4542	0.6426	1.7389	40218.6	13531.575	12349.65	476188.224	160213.848	0.0016825380305631468
002918.SZ	20190820	11.5496	12.1534	11.5302	11.8223	11.5302	0.2920999999999996	2.5333	49433.07	60247.866	3.6532	4.0028	1.45	13.4734	13.2237	1.9363	1.5218	1.491	0.6267	1.6959	40218.6	13531.575	12349.65	488253.804	164273.3205	-0.0008204833238879478
002918.SZ	20190821	11.8126	12.1242	11.6373	11.91	11.8223	0.0876999999999998	0.7418	38036.2	46270.356	2.8109	3.0799	0.98	13.5733	13.3217	1.9507	1.5331	1.5021	0.6221	1.6834	40218.6	13531.575	12349.65	491873.478	165491.1623	0.0
002918.SZ	20190822	11.91	12.3482	11.91	12.28	11.91	0.3699999999999992	3.1066	38934.7	48430.46	2.8773	3.1527	0.93	13.995	13.7357	2.0113	1.5807	1.5487	0.6033	1.6327	40218.6	13531.575	12349.65	507156.546	170633.1608	0.0015879478827362165
002918.SZ	20190823	12.2995	12.2995	11.8905	11.9489	12.28	-0.3310999999999993	-2.6963	28162.59	34744.591	2.0812	2.2804	0.64	13.6177	13.3653	1.957	1.5381	1.507	0.62	1.6779	40218.6	13531.575	12349.65	493482.222	166032.4253	-0.020370075906568755
002918.SZ	20190826	11.7055	13.1467	11.7055	12.952	11.9489	1.0031	8.3949	125206.82	163922.31	9.2529	10.1385	2.94	14.7608	13.5788	2.0302	1.6672	1.5719999999999998	0.5720000000000001	1.548	40218.6	13531.575	12349.65	534907.38	179969.9475	0.0014978381717108706
002918.SZ	20190827	12.9714	13.7505	12.9617	13.5752	12.952	0.6232000000000006	4.8116	82296.12	113125.288	6.0818	6.6638	1.47	15.4711	14.2322	2.1279	1.7474	1.6476	0.5458	1.4769	40218.6	13531.575	12349.65	560647.284	188630.1555	-0.007889386528375337
002918.SZ	20190828	13.4681	13.9063	13.1662	13.4584	13.5752	-0.1168000000000013	-0.8604	60618.56	84031.14199999999	4.4798	4.9085	0.97	15.3379	14.1097	2.1096	1.7324	1.6334	0.5505	1.4897	40218.6	13531.575	12349.65	555821.052	187006.3665	0.004339297390477373
002918.SZ	20190829	13.5168	13.7505	13.2636	13.3123	13.4584	-0.1460999999999988	-1.0856	33603.51	46261.27400000001	2.4833	2.721	0.5	15.1714	13.9565	2.0867	1.7136	1.6157	0.5565	1.5061	40218.6	13531.575	12349.65	549788.262	184976.6303	0.01755519331745821
002918.SZ	20190830	13.546	13.8187	12.6598	13.2636	13.3123	-0.0487000000000001	-0.3658	46681.4	64878.324	3.4498	3.78	0.71	15.1159	13.9055	2.079	1.7073	1.6098	0.5586	1.5116	40218.6	13531.575	12349.65	547777.332	184300.0515	0.0044030278355800005
002918.SZ	20190902	13.322	13.6336	13.322	13.4973	13.2636	0.2336999999999989	1.7619999999999998	31230.94	43246.378	2.3080000000000003	2.5289	0.45	15.3823	14.1505	2.1157	1.7374	1.6382	0.5489	1.4854	40218.6	13531.575	12349.65	557429.796	187547.6295	0.007934920317396878
002918.SZ	20190903	13.6044	13.6336	13.3025	13.4486	13.4973	-0.0486999999999984	-0.3608	31754.55	43868.103	2.3467	2.5713	0.62	15.3268	14.0995	2.1081	1.7311	1.6323	0.5509	1.4908	40218.6	13531.575	12349.65	555418.866	186871.0508	0.005071159823327271
002918.SZ	20190904	13.5168	14.1011	13.3804	13.7505	13.4486	0.3018999999999998	2.2448	51322.19	72615.32	3.7928	4.1558	1.26	15.6709	14.416	2.1554	1.77	1.6689	0.5388	1.4581	40218.6	13531.575	12349.65	567886.632	191065.839	0.0
002918.SZ	20190905	13.7505	13.8868	13.3902	13.4876	13.7505	-0.2629000000000001	-1.9119	46118.62	64711.975	3.4082	3.7344	1.19	15.3712	14.1403	2.1142	1.7362	1.6369999999999998	0.5493	1.4865	40218.6	13531.575	12349.65	557027.61	187412.3138	0.0
002918.SZ	20190906	13.4876	13.7602	13.4389	13.6629	13.4876	0.1753	1.2997	32483.62	45408.76	2.4006	2.6303	0.78	15.571	14.3241	2.1416	1.7587	1.6583	0.5423	1.4674	40218.6	13531.575	12349.65	564266.958	189847.9973	0.00498430055112746
002918.SZ	20190909	13.731	13.8187	13.3902	13.7116	13.6629	0.0487000000000001	0.3564	43696.34	60902.807	3.2292	3.5383	1.13	15.6265	14.3751	2.1493	1.765	1.6642	0.5403	1.4622	40218.6	13531.575	12349.65	566277.8879999999	190524.576	-0.012077365150675435
002918.SZ	20190910	13.546	13.6531	13.1175	13.4778	13.7116	-0.2338000000000004	-1.7051	46561.35	63890.008	3.4409	3.7703	1.13	15.3601	14.1301	2.1126	1.7349	1.6358	0.5497	1.4876	40218.6	13531.575	12349.65	556625.424	187276.998	0.004340470996750244
002918.SZ	20190911	13.5363	13.7797	13.3415	13.6336	13.4778	0.1557999999999992	1.156	42782.25	59768.608	3.1617	3.4642	0.97	15.5377	14.2935	2.1371	1.755	1.6547	0.5434	1.4706	40218.6	13531.575	12349.65	563060.4	189442.05	0.005721159488323054
002918.SZ	20190912	13.7116	13.7116	13.3512	13.3999	13.6336	-0.2336999999999989	-1.7141	28399.05	39314.513	2.0987	2.2996	0.67	15.2713	14.0484	2.1004	1.7249	1.6263	0.5529	1.4962	40218.6	13531.575	12349.65	553407.936	186194.472	0.010903066440794243
002918.SZ	20190916	13.546	13.6921	13.4097	13.4584	13.3999	0.0584999999999986	0.4366	31650.91	44001.448	2.339	2.5629	0.82	15.3379	14.1097	2.1096	1.7324	1.6334	0.5505	1.4897	40218.6	13531.575	12349.65	555821.052	187006.3665	0.0
002918.SZ	20190917	13.4584	13.5557	12.9227	13.2344	13.4584	-0.2239999999999984	-1.6644	31565.84	42654.558	2.3328	2.556	0.82	15.0826	13.8749	2.0745	1.7036	1.6063	0.5598	1.515	40218.6	13531.575	12349.65	546570.774	183894.1043	-0.0014734328719096248
002918.SZ	20190918	13.2149	13.4194	13.1759	13.2344	13.2344	0.0	0.0	17111.37	23313.501	1.2646	1.3856	0.47	15.0826	13.8749	2.0745	1.7036	1.6063	0.5598	1.515	40218.6	13531.575	12349.65	546570.774	183894.1043	-0.0007404944689596999
002918.SZ	20190919	13.2246	13.6142	13.2052	13.6142	13.2344	0.3797999999999994	2.8698	24756.8	34217.583	1.8296	2.0047	0.82	15.5155	14.273	2.134	1.7524	1.6523	0.5442	1.4727	40218.6	13531.575	12349.65	562256.0279999999	189171.4185	-0.00787413142160396
002918.SZ	20190920	13.507	14.9678	13.4973	14.812	13.6142	1.1977999999999989	8.7982	91113.48	135134.277	6.7334	7.3778	3.41	16.8806	15.5288	2.3218	1.9066	1.7977	0.5002	1.3536	40218.6	13531.575	12349.65	611724.906	205815.2558	-0.011834998649743453
002918.SZ	20190923	14.6367	14.8996	14.4127	14.6075	14.812	-0.2044999999999994	-1.3806	52448.46	78683.171	3.876	4.247	1.34	16.6475	15.3144	2.2897	1.8803	1.7729	0.5072	1.3725	40218.6	13531.575	12349.65	603279.0	202973.625	0.0013349306862913393
002918.SZ	20190924	14.627	14.8022	14.2277	14.3153	14.6075	-0.2921999999999993	-2.0003	38004.46	56517.429	2.8086	3.0774	0.88	16.3146	15.0081	2.2439	1.8427	1.7374	0.5175	1.4006	40218.6	13531.575	12349.65	591213.42	198914.1525	0.0013621789274411967
002918.SZ	20190925	14.3348	14.5588	14.0719	14.1693	14.3153	-0.1460000000000008	-1.0199	38153.08	55943.324	2.8196	3.0894	0.85	16.1481	14.855	2.221	1.8239	1.7197	0.5229	1.415	40218.6	13531.575	12349.65	585180.63	196884.4163	-0.004128644322584774
002918.SZ	20190926	14.1108	14.2764	13.4291	13.4876	14.1693	-0.6816999999999993	-4.8111	38862.16	54955.84099999999	2.872	3.1468	0.79	15.3712	14.1403	2.1142	1.7362	1.6369999999999998	0.5493	1.4865	40218.6	13531.575	12349.65	557027.61	187412.3138	0.0014383581956759687
002918.SZ	20190927	13.507	14.0621	13.507	13.8868	13.4876	0.3991999999999986	2.9598	26622.84	37917.323	1.9675	2.1558	0.51	15.8262	14.5589	2.1767	1.7875	1.6854	0.5335	1.4438	40218.6	13531.575	12349.65	573517.236	192960.2595	0.000705706138203204
002918.SZ	20190930	13.8966	14.0427	13.546	13.6044	13.8868	-0.2823999999999991	-2.0336	15102.92	21311.542	1.1161	1.2229	0.39	15.5044	14.2628	2.1325	1.7512	1.6512	0.5446	1.4737	40218.6	13531.575	12349.65	561853.8420000001	189036.1028	0.0021463644115138816
002918.SZ	20191008	13.6336	13.9161	13.3025	13.3902	13.6044	-0.2141999999999999	-1.5745	23803.05	33273.652	1.7591	1.9274	0.76	15.2602	14.0382	2.0989	1.7236	1.6252	0.5533	1.4973	40218.6	13531.575	12349.65	553005.75	186059.1563	0.009454675807680231
002918.SZ	20191009	13.5168	13.7116	13.2733	13.585	13.3902	0.1948000000000007	1.4548	27432.44	38116.899	2.0273	2.2213	0.96	15.4822	14.2424	2.1294	1.7487	1.6488	0.5454	1.4759	40218.6	13531.575	12349.65	561049.47	188765.4713	0.003577475156422425
002918.SZ	20191010	13.6336	14.9483	13.6336	14.9483	13.585	1.3632999999999988	10.0353	74445.11	112301.747	5.5016	6.0281	2.82	17.0359	15.6718	2.3431	1.9242	1.8143	0.4956	1.3413	40218.6	13531.575	12349.65	617355.51	207709.6763	0.007820287256744989
002918.SZ	20191011	15.0652	15.7761	14.7633	15.3671	14.9483	0.4188000000000009	2.8017	99149.73	155770.941	7.3273	8.0285	2.96	17.5132	16.1108	2.4088	1.9781	1.8651	0.4821	1.3047	40218.6	13531.575	12349.65	634649.5079999999	213528.2535	0.009500816679789876
002918.SZ	20191014	15.5131	16.0195	15.3086	15.7274	15.3671	0.3602999999999987	2.3446	85808.24	137237.131	6.3413	6.9482	1.79	17.9238	16.4885	2.4652	2.0245	1.9088	0.4711	1.2748	40218.6	13531.575	12349.65	649530.39	218534.9363	-0.009289520200414486
002918.SZ	20191015	15.5813	15.6397	15.3184	15.3476	15.7274	-0.3797999999999994	-2.4149	47190.83	74562.382	3.4875	3.8212	0.76	17.491	16.0904	2.4057	1.9756	1.8627	0.4827	1.3064	40218.6	13531.575	12349.65	633845.136	213257.622	0.018400271052151532
002918.SZ	20191016	15.63	15.6787	15.2502	15.3865	15.3476	0.0388999999999999	0.2535	30824.0	48830.436	2.2779	2.4959	0.46	17.5354	16.1312	2.4118	1.9806	1.8675	0.4815	1.3031	40218.6	13531.575	12349.65	635453.88	213798.885	0.012660449094985914
002918.SZ	20191017	15.5813	15.6787	15.1626	15.1723	15.3865	-0.2141999999999999	-1.3921	26383.07	41322.251	1.9497	2.1363	0.39	17.2912	15.9066	2.3782	1.953	1.8415	0.4883	1.3215	40218.6	13531.575	12349.65	626605.788	210821.9385	0.009629390402246236
002918.SZ	20191018	15.3184	15.4158	14.8996	14.9581	15.1723	-0.2141999999999999	-1.4118	31293.48	48613.664	2.3126	2.5340000000000003	0.54	17.047	15.682	2.3447	1.9254	1.8155	0.4953	1.3404	40218.6	13531.575	12349.65	617757.696	207844.992	0.005856358762142259
002918.SZ	20191021	15.0457	15.7761	14.6172	15.3086	14.9581	0.3505000000000002	2.3432	47661.9	74683.064	3.5223	3.8594	1.08	17.4466	16.0495	2.3996	1.9706	1.858	0.484	1.3097	40218.6	13531.575	12349.65	632236.392	212716.359	-0.008903492154736573
002918.SZ	20191022	15.1723	15.7663	14.9678	15.6592	15.3086	0.3506	2.2902	35565.62	55973.385	2.6283	2.8799	0.97	17.8461	16.4171	2.4546	2.0157	1.9006	0.4731	1.2804	40218.6	13531.575	12349.65	646715.088	217587.726	-0.009949422703586458
002918.SZ	20191023	15.5034	15.6592	14.812	14.9775	15.6592	-0.6817000000000011	-4.3534	35136.79	54625.486	2.5967	2.8452	1.02	17.0692	15.7024	2.3477	1.9279	1.8178	0.4947	1.3386	40218.6	13531.575	12349.65	618562.068	208115.6235	0.0
002918.SZ	20191024	14.9775	15.1723	14.7243	14.773	14.9775	-0.2044999999999994	-1.3654	27728.76	42368.877	2.0492	2.2453	0.79	16.8362	15.488	2.3157	1.9016	1.793	0.5015	1.3572	40218.6	13531.575	12349.65	610116.162	205273.9928	-0.005273133419075315
002918.SZ	20191025	14.6951	14.9483	14.5296	14.8412	14.773	0.0682000000000009	0.4617	32935.91	49979.32	2.434	2.667	0.93	16.9139	15.5595	2.3263	1.9104	1.8013	0.4992	1.3509	40218.6	13531.575	12349.65	612931.464	206221.203	-0.010497803412123079
002918.SZ	20191028	14.6854	15.5716	14.6854	14.9386	14.8412	0.0973999999999986	0.6563	52423.41	80991.565	3.8742	4.2449	1.46	17.0248	15.4869	2.2231	1.9229	1.711	0.4959	1.3421	40218.6	13531.575	12349.65	616953.324	207574.3605	-0.0026106864097037007
002918.SZ	20191029	14.8996	14.9386	14.2179	14.4517	14.9386	-0.4868999999999986	-3.2593	43801.42	65394.822	3.237	3.5468	1.19	16.4699	14.9821	2.1506	1.8603	1.6552	0.5127	1.3873	40218.6	13531.575	12349.65	596844.024	200808.573	-0.009438335974314446
002918.SZ	20191030	14.3153	14.6367	14.2666	14.3348	14.4517	-0.1169000000000011	-0.8089	24137.91	35788.821	1.7838	1.9545	0.63	16.3368	14.861	2.1332	1.8452	1.6418	0.5168	1.3987	40218.6	13531.575	12349.65	592017.792	199184.784	0.0
002918.SZ	20191031	14.3348	14.4614	13.8479	13.9355	14.3348	-0.3993000000000002	-2.7855	29380.24	42408.63200000001	2.1712	2.379	0.81	15.8817	14.447	2.0738	1.7938	1.5961	0.5316	1.4387	40218.6	13531.575	12349.65	575528.166	193636.8383	-0.003494671881166818
002918.SZ	20191101	13.8868	15.3281	13.8284	15.1528	13.9355	1.2172999999999998	8.7352	69249.36	104887.421	5.1176	5.6074	1.9	17.269000000000002	15.709	2.255	1.9505	1.7355	0.4889	1.3232	40218.6	13531.575	12349.65	625801.416	210551.307	0.0012868908716541325
002918.SZ	20191104	15.1723	16.1461	15.1723	15.7858	15.1528	0.6330000000000009	4.1774	95569.89	154302.95	7.0627	7.7387	2.18	17.9904	16.3652	2.3492	2.032	1.808	0.4693	1.2701	40218.6	13531.575	12349.65	651943.506	219346.8308	0.020360070443056343
002918.SZ	20191105	16.1072	16.3409	15.5618	15.9416	15.7858	0.1557999999999992	0.987	66803.4	109336.996	4.9369	5.4093	1.27	18.168	16.5268	2.3724	2.052	1.8259	0.4647	1.2577	40218.6	13531.575	12349.65	658378.4820000001	221511.8828	0.0036696442013349003
002918.SZ	20191106	16.0001	16.5064	15.1139	16.1753	15.9416	0.2337000000000007	1.466	63513.65	105562.924	4.6937	5.143	1.11	18.4343	16.7691	2.4071	2.0821	1.8527	0.458	1.2395	40218.6	13531.575	12349.65	668030.946	224759.4608	-0.006621206407299963
002918.SZ	20191107	16.0682	16.7207	16.0487	16.5551	16.1753	0.3797999999999994	2.3480000000000003	65298.31	110436.444	4.8256	5.2875	1.01	18.8672	17.1628	2.4637	2.131	1.8962	0.4475	1.2111	40218.6	13531.575	12349.65	683716.2	230036.775	-0.007055227694184741
002918.SZ	20191108	16.4383	17.0421	16.2825	16.6623	16.5551	0.1071999999999988	0.6475	72122.85	124227.736	5.33	5.8401	1.0	18.9893	17.2738	2.4796	2.1448	1.9084	0.4446	1.2033	40218.6	13531.575	12349.65	688140.2459999999	231525.2483	0.0011643050479226143
002918.SZ	20191111	16.6817	16.9739	16.1559	16.5551	16.6623	-0.1071999999999988	-0.6434	49324.64	83944.28300000001	3.6452	3.994	0.68	18.8672	17.1628	2.4637	2.131	1.8962	0.4475	1.2111	40218.6	13531.575	12349.65	683716.2	230036.775	0.011766766736534406
002918.SZ	20191112	16.7499	16.7499	15.9708	16.5064	16.5551	-0.0487000000000001	-0.2942	47287.54	79585.476	3.4946	3.8291	0.75	18.8117	17.1123	2.4564	2.1248	1.8906	0.4488	1.2146	40218.6	13531.575	12349.65	681705.27	229360.1963	0.0088511122958368
002918.SZ	20191113	16.6525	16.896	16.1656	16.2922	16.5064	-0.2141999999999981	-1.2977	41998.21	71002.608	3.1037	3.4008	0.71	18.5675	16.8902	2.4245	2.0972	1.866	0.4547	1.2306	40218.6	13531.575	12349.65	672857.178	226383.2498	0.006573697843139605
002918.SZ	20191114	16.3993	17.12	16.2727	16.5649	16.2922	0.2727000000000004	1.6738	58957.79	100766.656	4.3571	4.774	1.07	18.8783	17.1729	2.4651	2.1323	1.8973	0.4473	1.2104	40218.6	13531.575	12349.65	684118.3859999999	230172.0908	0.00999100507700004
002918.SZ	20191115	16.7304	16.7304	16.1656	16.1753	16.5649	-0.3896000000000015	-2.352	47926.04	80649.09599999999	3.5418	3.8808	0.89	18.4343	16.7691	2.4071	2.0821	1.8527	0.458	1.2395	40218.6	13531.575	12349.65	668030.946	224759.4608	-0.01986361922190011
002918.SZ	20191118	15.854	16.9836	15.854	16.7986	16.1753	0.6233000000000004	3.8534	48879.75	83185.687	3.6123	3.958	1.0	19.1446	17.4152	2.4999	2.1624	1.924	0.441	1.1935	40218.6	13531.575	12349.65	693770.85	233419.6688	-0.0028990511114021515
002918.SZ	20191119	16.7499	17.5971	16.6915	17.266	16.7986	0.4673999999999978	2.7824	47810.66	83884.679	3.5333	3.8714	0.98	19.6773	17.8998	2.5694	2.2225	1.9776	0.4291	1.1612	40218.6	13531.575	12349.65	713075.7779999998	239914.8248	0.002258774470056845
002918.SZ	20191120	17.305	17.6458	17.1394	17.2368	17.266	-0.0291999999999994	-0.1691	36720.3	65525.13400000001	2.7137	2.9734	0.75	19.6441	17.8695	2.5651	2.2188	1.9742	0.4298	1.1632	40218.6	13531.575	12349.65	711869.22	239508.8775	0.014689501531606775
002918.SZ	20191121	17.49	17.7822	16.9447	17.7724	17.2368	0.5356000000000023	3.1073	46706.83	84118.171	3.4517	3.782	0.97	20.2545	18.4248	2.6448	2.2877	2.0356	0.4169	1.1281	40218.6	13531.575	12349.65	733989.45	246951.2438	-0.013149602754833475
002918.SZ	20191122	17.5387	17.9769	16.7499	17.2368	17.7724	-0.5356000000000023	-3.0137	74418.66	133052.517	5.4996	6.026	1.63	19.6441	17.8695	2.5651	2.2188	1.9742	0.4298	1.1632	40218.6	13531.575	12349.65	711869.22	239508.8775	-0.0011313004734055734
002918.SZ	20191125	17.2173	17.5192	16.6525	17.1005	17.2368	-0.1362999999999985	-0.7908	50272.19	88567.24900000003	3.7152	4.0707	0.99	19.4887	17.7282	2.5448	2.2012	1.9586	0.4332	1.1725	40218.6	13531.575	12349.65	706238.6159999998	237614.457	0.0022747872869213273
002918.SZ	20191126	17.1394	17.3537	16.857	17.2563	17.1005	0.1557999999999992	0.9111	26269.85	46051.031	1.9414	2.1272	0.51	19.6663	17.8897	2.568	2.2213	1.9765	0.4293	1.1619	40218.6	13531.575	12349.65	712673.5920000002	239779.509	0.0
002918.SZ	20191127	17.2563	17.7237	16.9739	17.0518	17.2563	-0.2044999999999994	-1.1851	38960.1	69045.418	2.8792	3.1548	0.83	19.4332	17.6777	2.5376	2.1949	1.953	0.4345	1.1758	40218.6	13531.575	12349.65	704227.686	236937.8783	-0.001143574285412727
002918.SZ	20191128	17.0323	17.6653	16.8473	17.6653	17.0518	0.6134999999999984	3.5979	52848.54	94522.288	3.9056	4.2794	1.12	20.1324	18.3137	2.6289	2.2739	2.0233	0.4194	1.135	40218.6	13531.575	12349.65	729565.4040000002	245462.7705	-0.006617493051349118
002918.SZ	20191129	17.5484	17.6556	16.8473	17.4316	17.6653	-0.2336999999999989	-1.3229	38227.8	67594.107	2.8251	3.0955	0.79	19.866	18.0714	2.5941	2.2438	1.9965	0.425	1.1502	40218.6	13531.575	12349.65	719912.94	242215.1925	-0.008381330457330399
002918.SZ	20191202	17.2855	17.8698	17.0323	17.8503	17.4316	0.4187000000000012	2.402	47026.36	84340.369	3.4753	3.8079	1.14	20.3432	18.5055	2.6564	2.2977	2.0445	0.415	1.1232	40218.6	13531.575	12349.65	737206.938	248033.7698	-0.008179134244242438
002918.SZ	20191203	17.7043	17.9769	17.5484	17.7043	17.8503	-0.1460000000000008	-0.8179	36315.6	66104.658	2.6838	2.9406	0.89	20.1768	18.3541	2.6347	2.2789	2.0278	0.4185	1.1325	40218.6	13531.575	12349.65	731174.1479999998	246004.0335	0.0
002918.SZ	20191204	17.7043	17.7043	16.2143	16.5551	17.7043	-1.1492000000000004	-6.4911	60895.29	105911.041	4.5002	4.9309	1.43	18.8672	17.1628	2.4637	2.131	1.8962	0.4475	1.2111	40218.6	13531.575	12349.65	683716.2	230036.775	0.011180844573575639
002918.SZ	20191205	16.7402	17.714000000000006	16.6233	17.2758	16.5551	0.7207000000000008	4.3533	70662.93	125155.718	5.2221	5.7219	1.5	19.6884	17.9099	2.5709	2.2238	1.9787	0.4289	1.1606	40218.6	13531.575	12349.65	713477.964	240050.1405	-0.0028189722038921604
002918.SZ	20191206	17.2271	17.2271	16.2435	16.5551	17.2758	-0.7207000000000008	-4.1717	82487.32	140597.878	6.0959	6.6793	1.63	18.8672	17.1628	2.4637	2.131	1.8962	0.4475	1.2111	40218.6	13531.575	12349.65	683716.2	230036.775	-0.012938611062451944
002918.SZ	20191209	16.3409	16.7207	16.1461	16.5064	16.5551	-0.0487000000000001	-0.2942	44732.96	75704.881	3.3058	3.6222	0.75	18.8117	17.1123	2.4564	2.1248	1.8906	0.4488	1.2146	40218.6	13531.575	12349.65	681705.27	229360.1963	-0.005307032423787037
002918.SZ	20191210	16.4188	16.9934	16.3506	16.6038	16.5064	0.0974000000000003	0.5901	37551.86	64330.005	2.7751	3.0407	0.64	18.9227	17.2133	2.4709	2.1373	1.9017	0.4462	1.2075	40218.6	13531.575	12349.65	685727.13	230713.3538	0.002933063515580782
002918.SZ	20191211	16.6525	16.7986	16.4578	16.7596	16.6038	0.1557999999999992	0.9383	32604.24	55749.412	2.4095	2.6401	0.55	19.1002	17.3748	2.4941	2.1573	1.9196	0.4421	1.1963	40218.6	13531.575	12349.65	692162.1059999999	232878.4058	-0.0017422850187354978
002918.SZ	20191212	16.7304	16.8376	16.1948	16.3506	16.7596	-0.4089999999999989	-2.4404	45036.66	75912.328	3.3283	3.6468	0.84	18.6341	16.9508	2.4332	2.1047	1.8727	0.4531	1.2262	40218.6	13531.575	12349.65	675270.2940000001	227195.1443	0.012507186280625754
002918.SZ	20191213	16.5551	16.7207	16.3604	16.5064	16.3506	0.1557999999999992	0.9529	26909.24	45694.362	1.9886	2.1789	0.56	18.8117	17.1123	2.4564	2.1248	1.8906	0.4488	1.2146	40218.6	13531.575	12349.65	681705.27	229360.1963	0.02006494450637323
002918.SZ	20191216	16.8376	16.8376	16.2922	16.6038	16.5064	0.0974000000000003	0.5901	26376.95	44676.228	1.9493	2.1358	0.71	18.9227	17.2133	2.4709	2.1373	1.9017	0.4462	1.2075	40218.6	13531.575	12349.65	685727.13	230713.3538	-0.004691697081390985
002918.SZ	20191217	16.5259	16.7596	16.3019	16.5649	16.6038	-0.0388999999999981	-0.2343	48857.6	82915.003	3.6106	3.9562	1.45	18.8783	17.1729	2.4651	2.1323	1.8973	0.4473	1.2104	40218.6	13531.575	12349.65	684118.3859999999	230172.0908	-0.006465478209950113
002918.SZ	20191218	16.4578	17.8698	16.4578	17.7043	16.5649	1.1393999999999984	6.8784	84786.02	151469.991	6.2658	6.8655	2.36	20.1768	18.3541	2.6347	2.2789	2.0278	0.4185	1.1325	40218.6	13531.575	12349.65	731174.1479999998	246004.0335	-0.0055014883389911135
002918.SZ	20191219	17.6069	17.6166	17.0421	17.1687	17.7043	-0.5355999999999987	-3.0253	53650.69	95045.922	3.9649	4.3443	1.16	19.5664	17.7988	2.555	2.21	1.9664	0.4315	1.1678	40218.6	13531.575	12349.65	709053.918	238561.6673	0.0
002918.SZ	20191220	17.1687	18.7755	16.8376	18.2107	17.1687	1.0419999999999978	6.0692	100514.83	183496.602	7.4282	8.1391	2.09	20.7539	18.8791	2.71	2.3441	2.0858	0.4068	1.101	40218.6	13531.575	12349.65	752087.82	253040.4525	-0.0005381451564189447
002918.SZ	20191223	18.2009	18.9702	17.8698	18.3665	18.2107	0.1557999999999992	0.8555	64170.3	121254.287	4.7423	5.1961	1.02	20.9315	19.0406	2.7332	2.3642	2.1036	0.4034	1.0916	40218.6	13531.575	12349.65	758522.796	255205.5045	0.0
002918.SZ	20191224	18.3665	18.9702	18.0548	18.6586	18.3665	0.2921000000000013	1.5904	59109.51	112463.619	4.3683	4.7863	0.84	21.2644	19.3435	2.7767	2.4018	2.1371	0.3971	1.0745	40218.6	13531.575	12349.65	770588.3759999998	259264.977	-0.002084829515612005
002918.SZ	20191225	18.6197	18.756	18.2886	18.3373	18.6586	-0.3213000000000008	-1.722	32068.21	60787.045	2.3699	2.5967	0.44	20.8982	19.0103	2.7289	2.3604	2.1003	0.404	1.0934	40218.6	13531.575	12349.65	757316.238	254799.5573	-0.0063749843215739265
002918.SZ	20191226	18.2204	19.0676	17.9964	18.795	18.3373	0.4577000000000026	2.496	75754.52	145045.089	5.5984	6.1341	1.22	21.4198	19.4848	2.797	2.4193	2.1527	0.3942	1.0667	40218.6	13531.575	12349.65	776218.98	261159.3975	-0.007773343974461322
002918.SZ	20191227	18.6489	19.0481	18.5807	18.6489	18.795	-0.1461000000000005	-0.7773	40022.5	77152.56599999999	2.9577	3.2408	0.6	21.2533	19.3334	2.7752	2.4005	2.136	0.3973	1.0751	40218.6	13531.575	12349.65	770186.19	259129.6613	-0.005222828156084293
002918.SZ	20191230	18.5515	19.6519	18.5515	19.4085	18.6489	0.7595999999999989	4.0732	62259.24	123566.11	4.601	5.0414	1.15	22.119	20.1208	2.8883	2.4983	2.2230000000000003	0.3817	1.033	40218.6	13531.575	12349.65	801556.698	269684.2898	0.005518200788314351
002918.SZ	20191231	19.5156	19.5253	19.0774	19.4961	19.4085	0.0875999999999983	0.4513	25339.65	50251.099	1.8726	2.0519	0.47	22.2189	20.2117	2.9013	2.5096	2.233	0.379	1.0255	40218.6	13531.575	12349.65	805176.372	270902.1315	0.000502664635491305
002918.SZ	20200102	19.5059	20.1096	19.4961	19.8272	19.4961	0.3311000000000028	1.6983	37540.64	76182.422	2.7743	3.0398	0.8	22.5962	20.555	2.9506	2.5522	2.2709	1.0084	1.0084	40218.6	13531.575	12349.65	818850.696	275502.867	-0.0004892269205940456
002918.SZ	20200103	19.8175	20.6063	19.4766	20.1583	19.8272	0.3310999999999993	1.6699	39410.98	81421.3	2.9125	3.1913	0.82	22.9736	20.8982	2.9999	2.5948	2.3088	0.9918	0.9918	40218.6	13531.575	12349.65	832525.02	280103.6025	0.0
002918.SZ	20200106	20.1583	20.246	19.6032	19.8175	20.1583	-0.3408000000000015	-1.6906	39488.79	80873.379	2.9183	3.1976	0.97	22.5851	20.5449	2.9491	2.551	2.2698	1.0089	1.0089	40218.6	13531.575	12349.65	818448.51	275367.5513	-0.010813674782389199
002918.SZ	20200107	19.6032	20.4992	19.4766	20.1875	19.8175	0.370000000000001	1.867	50225.24	103239.939	3.7117	4.0669	1.23	23.0069	20.9285	3.0042	2.5986	2.3122	0.9904	0.9904	40218.6	13531.575	12349.65	833731.578	280509.5498	-0.0004804953560370878
002918.SZ	20200108	20.1778	20.4213	19.7883	20.1583	20.1875	-0.0291999999999994	-0.1446	30760.61	63333.078	2.2732	2.4908	0.8	22.9736	20.8982	2.9999	2.5948	2.3088	0.9918	0.9918	40218.6	13531.575	12349.65	832525.02	280103.6025	0.0014485348466884334
002918.SZ	20200109	20.1875	20.3823	19.7883	20.1096	20.1583	-0.0487000000000001	-0.2416	22324.49	46049.514	1.6498	1.8077	0.57	22.9181	20.8477	2.9926	2.5886	2.3033	0.9905	0.9905	40218.6	13531.575	12349.65	830514.09	279427.0238	0.0
002918.SZ	20200110	20.1096	20.1096	19.8564	20.0025	20.1096	-0.107099999999999	-0.5326	13503.16	27695.007	0.9979	1.0934	0.37	22.796	20.7367	2.9767	2.5748	2.291	0.9958	0.9958	40218.6	13531.575	12349.65	826090.0440000001	277938.5505	0.001949756280464838
002918.SZ	20200113	20.0415	20.2849	19.574	20.022	20.0025	0.0194999999999971	0.0975	26120.3	53524.346	1.9303	2.1151	0.84	22.8182	20.7569	2.9796	2.5773	2.2932	0.9949	0.9949	40218.6	13531.575	12349.65	826894.416	278209.182	-0.0024323244431125857
002918.SZ	20200114	19.9733	20.3336	19.3403	19.6519	20.022	-0.3700999999999972	-1.8485	40026.97	80779.284	2.958	3.2411	1.4	22.3964	20.3732	2.9245	2.5296	2.2508	1.0136	1.0136	40218.6	13531.575	12349.65	811611.348	273067.1835	-0.009413848024873028
002918.SZ	20200115	19.4669	19.9246	19.4279	19.6324	19.6519	-0.0195000000000007	-0.0992	19857.1	40140.624	1.4675	1.6079	0.75	22.3742	20.3531	2.9216	2.5271	2.2486	1.0146	1.0146	40218.6	13531.575	12349.65	810806.9759999998	272796.552	-0.004462011776451269
002918.SZ	20200116	19.5448	19.759	19.4864	19.5156	19.6324	-0.1168000000000013	-0.5949	13769.25	27669.916	1.0176	1.115	0.57	22.2411	20.2319	2.9042	2.5121	2.2352	1.0207	1.0207	40218.6	13531.575	12349.65	805980.7440000002	271172.76300000004	-0.0024954395457992677
002918.SZ	20200117	19.4669	21.4633	19.4669	21.4633	19.5156	1.9477000000000009	9.9802	77447.94	166584.05599999998	5.7235	6.2713	3.42	24.4607	22.2511	3.1941	2.7628	2.4583	0.9281	0.9281	40218.6	13531.575	12349.65	886417.944	298235.913	-0.002268989391193348
002918.SZ	20200120	21.4146	21.5801	20.7913	21.249	21.4633	-0.2143000000000015	-0.9984	37201.13	80941.115	2.7492	3.0123	1.05	24.2166	22.0289	3.1622	2.7352	2.4338	0.9374	0.9374	40218.6	13531.575	12349.65	877569.8520000002	295258.9665	0.005957927431879139
002918.SZ	20200121	21.3756	21.4633	19.3598	19.7298	21.249	-1.519199999999998	-7.1495	67343.99	140080.396	4.9768	5.4531	1.79	22.4852	20.454	2.9361	2.5397	2.2598	1.0096	1.0096	40218.6	13531.575	12349.65	814828.8359999999	274149.7095	-0.04392847367940889
002918.SZ	20200122	18.8631	19.9636	18.8631	19.6714	19.7298	-0.0584000000000024	-0.296	38192.06	76117.707	2.8224	3.0926	0.89	22.4186	20.3934	2.9274	2.5322	2.2531	1.0126	1.0126	40218.6	13531.575	12349.65	812415.72	273337.815	-0.014355866893052814
002918.SZ	20200123	19.389	19.7883	18.717	19.1261	19.6714	-0.5452999999999975	-2.772	32547.21	64210.412	2.4053	2.6355	0.7	21.7971	19.8281	2.8462	2.462	2.1906	1.0415	1.0415	40218.6	13531.575	12349.65	789893.304	265760.13300000003	-0.09980079577122358
002918.SZ	20200203	17.2173	17.5387	17.2173	17.2173	19.1261	-1.9088	-9.9801	22077.33	39092.31200000001	1.6315	1.7877	0.44	19.6219	17.8493	2.5622	2.2163	1.972	1.1569	1.1569	40218.6	13531.575	12349.65	711064.848	239238.246	-0.03732873330893934
002918.SZ	20200204	16.5746	17.899	16.4578	17.4705	17.2173	0.2531999999999996	1.4706	66322.85	117017.38	4.9013	5.3704	1.68	19.9104	18.1118	2.5999	2.2489	2.001	1.1402	1.1402	40218.6	13531.575	12349.65	721521.684	242756.4555	0.005575112332217187
002918.SZ	20200205	17.5679	18.7852	17.266	17.7043	17.4705	0.2337999999999987	1.3383	45933.72	84946.095	3.3946	3.7194	1.01	20.1768	18.3541	2.6347	2.2789	2.0278	1.1251	1.1251	40218.6	13531.575	12349.65	731174.1479999998	246004.0335	0.0
002918.SZ	20200206	17.7043	18.5223	17.4024	17.8503	17.7043	0.1460000000000008	0.8247	43532.22	79891.43400000001	3.2171	3.525	1.06	20.3432	18.5055	2.6564	2.2977	2.0445	1.1159	1.1159	40218.6	13531.575	12349.65	737206.938	248033.7698	0.0070923177761718185
002918.SZ	20200207	17.9769	17.9769	17.0421	17.3439	17.8503	-0.5063999999999993	-2.8369	50733.55	90412.834	3.7493	4.1081	1.21	19.7661	17.9805	2.5810000000000004	2.2326	1.9865	1.1485	1.1485	40218.6	13531.575	12349.65	716293.266	240997.3508	0.0
002918.SZ	20200210	17.3439	18.3859	17.1394	17.9088	17.3439	0.564899999999998	3.2571	59632.57	108762.581	4.4069	4.8287	1.3	20.4098	18.5661	2.6651	2.3053	2.0512	1.1123	1.1123	40218.6	13531.575	12349.65	739620.054	248845.6643	0.00543308317698565
002918.SZ	20200211	18.0061	19.2819	17.4705	19.1261	17.9088	1.2173000000000016	6.7972	72120.71	137777.295	5.3298	5.8399	1.35	21.7971	19.8281	2.8462	2.462	2.1906	1.0415	1.0415	40218.6	13531.575	12349.65	789893.304	265760.13300000003	-0.023930649740407227
002918.SZ	20200212	18.6684	19.1261	18.571	18.9508	19.1261	-0.1753	-0.9165	45563.79	88229.367	3.3672	3.6895	0.84	21.5974	19.6463	2.8202	2.4394	2.1705	1.0511	1.0511	40218.6	13531.575	12349.65	782653.9559999999	263324.4495	-0.002569812356206608
002918.SZ	20200213	18.9021	19.4377	18.4054	18.532	18.9508	-0.4188000000000009	-2.2099	44293.27	85407.263	3.2733	3.5866	0.82	21.1201	19.2122	2.7578	2.3855	2.1226	1.0749	1.0749	40218.6	13531.575	12349.65	765359.958	257505.8723	-0.0005234189510035996
002918.SZ	20200214	18.5223	18.8144	18.0159	18.4249	18.532	-0.107099999999999	-0.5779	41121.64	77632.93	3.0389	3.3298	0.75	20.9981	19.1012	2.7419	2.3717	2.1103	1.0811	1.0811	40218.6	13531.575	12349.65	760935.912	256017.399	-0.001584811857866227
002918.SZ	20200217	18.3957	18.8436	18.2301	18.756	18.4249	0.3310999999999993	1.797	33092.37	63440.811	2.4456	2.6796	0.63	21.3754	19.4444	2.7912	2.4143	2.1482	1.062	1.062	40218.6	13531.575	12349.65	774610.2359999998	260618.1345	0.0
002918.SZ	20200218	18.756	19.6714	18.756	19.6519	18.756	0.895900000000001	4.7766	57173.42	113676.658	4.2252	4.6296	1.21	22.3964	20.3732	2.9245	2.5296	2.2508	1.0136	1.0136	40218.6	13531.575	12349.65	811611.348	273067.1835	-0.008421577557386387
002918.SZ	20200219	19.4864	19.7883	19.4085	19.6032	19.6519	-0.0487000000000001	-0.2478	29170.25	58799.00900000001	2.1557	2.362	0.66	22.341	20.3228	2.9173	2.5234	2.2453	1.0161	1.0161	40218.6	13531.575	12349.65	809600.418	272390.6048	0.0014895527260855089
002918.SZ	20200220	19.6324	19.7493	19.0968	19.5253	19.6032	-0.0778999999999996	-0.3974	33354.16	66306.783	2.4649	2.7008	0.81	22.2522	20.242	2.9057	2.5133	2.2363	1.0202	1.0202	40218.6	13531.575	12349.65	806382.93	271308.0788	-0.0024941998330371457
002918.SZ	20200221	19.4766	19.7104	19.2819	19.4279	19.5253	-0.0974000000000003	-0.4988	32583.71	64974.522	2.408	2.6384	0.84	22.1412	20.141	2.8912	2.5008	2.2252	1.0253	1.0253	40218.6	13531.575	12349.65	802361.07	269954.9213	0.02506704275809523
002918.SZ	20200224	19.9149	20.1096	19.2721	19.4766	19.4279	0.0487000000000001	0.2507	56548.01	113705.785	4.178999999999999	4.5789	1.53	22.1967	18.4511	2.7546	2.5071	2.1145	1.0227	1.0227	40218.6	13531.575	12349.65	804372.0	270631.5	-0.010499779222246337
002918.SZ	20200225	19.2721	19.8467	18.795	19.5156	19.4766	0.0389999999999979	0.2002	45019.64	89712.293	3.327	3.6454	1.08	22.2411	18.488	2.7601	2.5121	2.1187	1.0207	1.0207	40218.6	13531.575	12349.65	805980.7440000002	271172.76300000004	-0.0004970382668223734
002918.SZ	20200226	19.5059	19.9636	18.98	19.3793	19.5156	-0.1362999999999985	-0.6984	52765.3	105855.101	3.8994	4.2726	1.34	22.0857	18.3588	2.7408	2.4945	2.1039	1.0279	1.0279	40218.6	13531.575	12349.65	800350.14	269278.3425	0.004019753035455338
002918.SZ	20200227	19.4572	21.249	19.35	20.8205	19.3793	1.4411999999999985	7.4368	73358.03	154662.499	5.4212	5.9401	1.67	23.7282	19.7242	2.9447	2.6801	2.2604	0.9567	0.9567	40218.6	13531.575	12349.65	859873.668	289305.0735	-0.036012583751591005
002918.SZ	20200228	20.0707	21.4048	19.9636	20.3628	20.8205	-0.4576999999999991	-2.1983	73699.71	156796.735	5.4465	5.9678	1.42	23.2066	19.2906	2.8799	2.6212	2.2107	0.9782	0.9782	40218.6	13531.575	12349.65	840970.926	282945.2333	0.018651658907419384
002918.SZ	20200302	20.7426	22.3981	20.7426	22.0281	20.3628	1.6652999999999984	8.1781	94719.11	213507.039	6.9999	7.6698	1.57	25.1044	20.8682	3.1155	2.8355	2.3915	0.9043	0.9043	40218.6	13531.575	12349.65	909744.732	306084.2265	0.007958017259772746
002918.SZ	20200303	22.2034	22.6221	21.5022	21.7067	22.0281	-0.321399999999997	-1.459	50878.2	114380.59	3.76	4.1198	0.75	24.7382	20.5637	3.07	2.7941	2.3566	0.9177	0.9177	40218.6	13531.575	12349.65	896472.594	301618.8068	-0.006279167261721131
002918.SZ	20200304	21.5704	23.8589	21.5704	23.3622	21.7067	1.6555	7.6267	88977.12	210499.241	6.5755	7.2048	1.29	26.6249	22.1321	3.3041	3.0072	2.5364	0.8526	0.8526	40218.6	13531.575	12349.65	964844.214	324622.4843	-0.00041520062322907356
002918.SZ	20200305	23.3525	24.784	23.148000000000003	24.4432	23.3622	1.0809999999999995	4.6271	83764.31	208434.471	6.1903	6.7827	1.1	27.8568	23.1561	3.457	3.1464	2.6537	0.8149	0.8149	40218.6	13531.575	12349.65	1009486.86	339642.5325	-0.01952281207043267
002918.SZ	20200306	23.966	24.7353	23.4888	24.2971	24.4432	-0.1461000000000005	-0.5977	54497.31	133478.387	4.0274	4.4129	0.7	27.6903	23.0177	3.4364	3.1276	2.6378	0.8198	0.8198	40218.6	13531.575	12349.65	1003454.07	337612.7963	-0.02404813743203917
002918.SZ	20200309	23.7128	23.7128	22.2618	22.4663	24.2971	-1.8308	-7.5351	50651.55	118399.556	3.7432	4.1015	0.68	25.6039	21.2833	3.1774	2.8919	2.4391	0.8866	0.8866	40218.6	13531.575	12349.65	927843.102	312173.4353	-0.0030356578519827888
002918.SZ	20200310	22.3981	23.8004	22.3981	23.6154	22.4663	1.1491000000000011	5.1148	49479.35	117284.312	3.6566	4.0065	0.75	26.9135	22.372	3.34	3.0398	2.5638	0.8435	0.8435	40218.6	13531.575	12349.65	975301.05	328140.6938	0.012373281841510098
002918.SZ	20200311	23.9076	24.1413	23.3622	23.4693	23.6154	-0.1461000000000005	-0.6187	31774.3	77600.189	2.3482	2.5729	0.49	26.747	22.2336	3.3193	3.0210000000000004	2.548	0.8487	0.8487	40218.6	13531.575	12349.65	969268.26	326110.9575	-0.005394281039485619
002918.SZ	20200312	23.3427	23.3427	22.0768	22.5929	23.4693	-0.8764000000000003	-3.7342	36768.27	84938.954	2.7172	2.9773	0.68	25.7481	21.4033	3.1953	2.9082	2.4528	0.8817	0.8817	40218.6	13531.575	12349.65	933071.52	313932.54	-0.053879758685250745
002918.SZ	20200313	21.3756	22.4955	20.9471	22.1449	22.5929	-0.4480000000000004	-1.9829	43478.2	97952.958	3.2131	3.5206	0.97	25.2376	20.9789	3.132	2.8506	2.4042	0.8995	0.8995	40218.6	13531.575	12349.65	914570.964	307708.0155	0.013632935800116498
002918.SZ	20200316	22.4468	22.7584	20.2557	20.2557	22.1449	-1.8891999999999989	-8.5311	67600.02	147306.851	4.9957	5.4738	1.59	23.0845	19.1891	2.8648	2.6074	2.1991	0.9834	0.9834	40218.6	13531.575	12349.65	836546.88	281456.76	0.0
002918.SZ	20200317	20.2557	21.2198	19.3013	19.7688	20.2557	-0.4869000000000021	-2.4038	44791.4	92008.225	3.3101	3.6269	0.98	22.5296	18.7279	2.7959	2.5447	2.1462	1.0076	1.0076	40218.6	13531.575	12349.65	816437.58	274690.9725	0.01182165837076618
002918.SZ	20200318	20.0025	21.697	20.0025	20.5479	19.7688	0.7790999999999997	3.9411	52105.32	113132.513	3.8506	4.2192	1.16	23.4175	19.4659	2.9061	2.645	2.2308	0.9694	0.9694	40218.6	13531.575	12349.65	848612.46	285516.2325	0.00947542084592591
002918.SZ	20200319	20.7426	20.9082	19.5059	20.431	20.5479	-0.1168999999999975	-0.5689	39985.93	82862.665	2.955	3.2378	0.82	23.2843	19.3552	2.8896	2.6299	2.2181	0.975	0.975	40218.6	13531.575	12349.65	843786.228	283892.4435	0.026215065341882372
002918.SZ	20200320	20.9666	21.4535	20.3628	21.2977	20.431	0.8666999999999979	4.2421	33810.14	72988.418	2.4986	2.7377	0.68	24.2721	20.1763	3.0122	2.7415	2.3122	0.9353	0.9353	40218.6	13531.575	12349.65	879580.782	295935.5453	-0.039778943266174156
002918.SZ	20200323	20.4505	20.9179	20.0512	20.2557	21.2977	-1.0419999999999978	-4.8925	29575.29	62170.772	2.1857	2.3948	0.62	23.0845	19.1891	2.8648	2.6074	2.1991	0.9834	0.9834	40218.6	13531.575	12349.65	836546.88	281456.76	0.019229155250127035
002918.SZ	20200324	20.6452	21.1127	20.0707	20.5868	20.2557	0.3310999999999993	1.6346	35617.19	75193.765	2.6322	2.8841	0.89	23.4619	19.5028	2.9116	2.65	2.235	0.9676	0.9676	40218.6	13531.575	12349.65	850221.204	286057.4955	0.02176151708861991
002918.SZ	20200325	21.0348	21.6191	20.6744	21.6191	20.5868	1.0322999999999989	5.0144	36370.89	79154.84700000001	2.6879	2.9451	0.95	24.6383	20.4807	3.0576	2.7829	2.3471	0.9214	0.9214	40218.6	13531.575	12349.65	892852.92	300400.965	-0.009912531048933486
002918.SZ	20200326	21.4048	22.3689	21.1029	22.106	21.6191	0.4869000000000021	2.2522	36451.62	82210.1	2.6938	2.9516	1.04	25.1932	20.942	3.1265	2.8455	2.4	0.9011	0.9011	40218.6	13531.575	12349.65	912962.22	307166.7525	0.013213607165475337
002918.SZ	20200327	22.3981	22.8071	21.5314	21.6678	22.106	-0.4382000000000019	-1.9823	34224.07	77730.036	2.5292	2.7713	1.0	24.6938	20.5268	3.0645	2.7891	2.3524	0.9193	0.9193	40218.6	13531.575	12349.65	894863.85	301077.5438	-0.007642677152272096
002918.SZ	20200330	21.5022	21.5022	20.3141	20.5479	21.6678	-1.1199000000000012	-5.1685	46085.61	98141.259	3.4058	3.7317	1.34	23.4175	19.4659	2.9061	2.645	2.2308	0.9694	0.9694	40218.6	13531.575	12349.65	848612.46	285516.2325	0.018478773986636263
002918.SZ	20200331	20.9276	20.9666	19.983	20.5965	20.5479	0.0486000000000004	0.2365	30085.7	62928.685	2.2234	2.4362	0.8	23.47300000000001	19.512	2.9130000000000003	2.6512	2.2361	0.9645	0.9645	40218.6	13531.575	12349.65	850623.39	286192.8113	-0.017493263418541925
002918.SZ	20200401	20.2362	20.7621	19.6714	20.2849	20.5965	-0.3115999999999985	-1.5129	30092.1	62912.78	2.2238	2.4367	0.82	23.1178	19.2168	2.8689	2.6111	2.2023	0.9794	0.9794	40218.6	13531.575	12349.65	837753.438	281862.7073	0.0
002918.SZ	20200402	20.2849	20.5284	20.0512	20.5089	20.2849	0.2240000000000002	1.1043	23881.14	49745.9	1.7648	1.9338	0.67	23.3731	19.429	2.9006	2.64	2.2266	0.9687	0.9687	40218.6	13531.575	12349.65	847003.7159999999	284974.9695	0.00902047403810047
002918.SZ	20200403	20.6939	20.6939	19.5935	19.9733	20.5089	-0.5356000000000023	-2.6115	30929.1	63419.446	2.2857	2.5045	0.94	22.7627	18.9216	2.8248	2.571	2.1684	0.9946	0.9946	40218.6	13531.575	12349.65	824883.4859999998	277532.6033	0.0214536406102148
002918.SZ	20200407	20.4018	21.3269	20.1583	20.7718	19.9733	0.7985000000000007	3.9978	54151.5	115778.284	4.0019	4.3849	1.68	23.6728	19.6781	2.9378	2.6738	2.2551	0.9564	0.9564	40218.6	13531.575	12349.65	857862.738	288628.4948	0.0
002918.SZ	20200408	20.7718	21.6191	20.5576	21.47300000000001	20.7718	0.7012	3.3757	47511.01	103444.18	3.5111	3.8472	1.4	24.4718	20.3423	3.0369	2.7641	2.3312	0.9252	0.9252	40218.6	13531.575	12349.65	886820.13	298371.2288	-0.004084198761235446
002918.SZ	20200409	21.3853	22.5539	21.288	22.4468	21.47300000000001	0.9738000000000008	4.535	60608.9	138423.098	4.4791	4.9077	1.62	25.5817	21.2649	3.1747	2.8894	2.437	0.885	0.885	40218.6	13531.575	12349.65	927038.73	311902.8038	0.0
002918.SZ	20200410	22.4468	22.6708	21.7749	21.9112	22.4468	-0.5355999999999987	-2.3861	38855.21	88506.26400000002	2.8714	3.1463	0.89	24.9713	20.7575	3.0989	2.8205	2.3788	0.9067	0.9067	40218.6	13531.575	12349.65	904918.5	304460.4375	0.0013326517945160214
002918.SZ	20200413	21.9404	23.372	21.7944	22.885	21.9112	0.9738000000000008	4.4443	50034.11	116640.049	3.6976	4.0515	1.08	26.0811	21.68	3.2367	2.9458	2.4845	0.8681	0.8681	40218.6	13531.575	12349.65	945137.1	317992.0125	0.012768188769936533
002918.SZ	20200414	23.1772	23.7615	22.739	23.372	22.885	0.4869999999999983	2.128	34480.09	82624.29	2.5481	2.792	0.69	26.636	22.1413	3.3055	3.0085	2.5374	0.85	0.85	40218.6	13531.575	12349.65	965246.4	324757.8	0.00041502652746871083
002918.SZ	20200415	23.3817	23.8589	22.9045	23.0311	23.372	-0.3409000000000013	-1.4586	30961.36	73702.428	2.2881	2.5071	0.67	26.2476	21.8184	3.2573	2.9646	2.5004	0.8626	0.8626	40218.6	13531.575	12349.65	951169.89	320021.7488	-0.004229064178436845
002918.SZ	20200416	22.9337	23.2746	22.4955	22.6124	23.0311	-0.4186999999999976	-1.818	32758.85	76436.947	2.4209	2.6526	0.76	25.7703	21.4217	3.1981	2.9107	2.4549	0.8786	0.8786	40218.6	13531.575	12349.65	933875.892	314203.1715	0.00042896817675252115
002918.SZ	20200417	22.6221	23.4888	22.4468	22.4955	22.6124	-0.1169000000000011	-0.517	37566.54	87766.99699999999	2.7762	3.0419	1.0	25.6372	21.311	3.1816	2.8957	2.4423	0.8831	0.8831	40218.6	13531.575	12349.65	929049.66	312579.3825	0.006494632259785316
002918.SZ	20200420	22.6416	23.7128	22.6026	23.4693	22.4955	0.9738000000000008	4.3289	49439.08	118584.626	3.6536	4.0033	1.33	26.747	22.2336	3.3193	3.0210000000000004	2.548	0.8465	0.8465	40218.6	13531.575	12349.65	969268.26	326110.9575	-0.009540122628284629
002918.SZ	20200421	23.2454	23.8102	22.9922	23.7615	23.4693	0.2922000000000011	1.245	28259.08	68088.755	2.0884	2.2882	0.76	27.0799	22.5103	3.3606	3.0586	2.5797	0.8361	0.8361	40218.6	13531.575	12349.65	981333.84	330170.43	-0.01803337331397442
002918.SZ	20200422	23.333	23.9368	23.333	23.6739	23.7615	-0.0876000000000019	-0.3687	32697.96	79226.911	2.4164	2.6477	0.91	26.9801	22.4273	3.3482	3.0474	2.5702	0.8392	0.8392	40218.6	13531.575	12349.65	977714.166	328952.5883	0.00904793886938788
002918.SZ	20200423	23.8881	24.0536	23.1577	23.557	23.6739	-0.1169000000000011	-0.4938	23551.25	56798.997	1.7405	1.907	0.65	26.8469	22.3166	3.3317	3.0323	2.5575	0.8433	0.8433	40218.6	13531.575	12349.65	972887.934	327328.7993	-0.026043214331196603
002918.SZ	20200424	22.9435	23.4791	22.4955	22.7098	23.557	-0.8471999999999973	-3.5964	27844.86	65330.058	2.0578	2.2547	0.81	25.8813	21.514	3.2119	2.9233	2.4655	0.8748	0.8748	40218.6	13531.575	12349.65	937897.752	315556.329	0.009859179737382118
002918.SZ	20200427	22.9337	23.1772	22.3397	22.3494	22.7098	-0.3604000000000021	-1.587	30410.25	70993.103	2.1874	2.3906	0.94	21.5259	22.2271	3.1159	2.4488	2.5281	0.8889	0.8889	40589.6775	13902.6525	12720.7275	931533.0986	319065.8749	0.009588624303113349
002918.SZ	20200428	22.5637	22.8948	21.7164	22.6708	22.3494	0.3214000000000006	1.4381	35603.59	82140.44099999999	2.5609	2.7989	1.25	21.8355	22.5467	3.1607	2.484	2.5644	0.8763	0.8763	40589.6775	13902.6525	12720.7275	944927.6922	323653.7502	-0.0012880004234521697
002918.SZ	20200429	22.6416	22.9435	22.2521	22.6319	22.6708	-0.0388999999999981	-0.1716	21942.98	50991.852	1.5783	1.725	0.73	21.7979	22.5079	3.1552	2.4797	2.56	0.8778	0.8778	40589.6775	13902.6525	12720.7275	943304.1051	323097.6441	0.011183329724857385
002918.SZ	20200430	22.885	23.5959	22.4371	23.4596	22.6319	0.8276999999999965	3.6572	44351.39	106283.309	3.1901	3.4865	1.59	22.5952	23.3311	3.2706	2.5704	2.6536	0.8468	0.8468	40589.6775	13902.6525	12720.7275	977805.331	334914.8987	0.05853040972565606
002918.SZ	20200506	24.8327	25.193	23.8686	24.9009	23.4596	1.4413000000000018	6.1438	86710.88	218060.222	6.237	6.8165	2.71	23.9834	24.7645	3.4716	2.7283	2.8167	0.7978	0.7978	40589.6775	13902.6525	12720.7275	1037878.0537	355490.8244	0.0015621925311937203
002918.SZ	20200507	24.9398	25.1541	24.1023	24.7061	24.9009	-0.1948000000000007	-0.7823	46053.46	116330.768	3.3126	3.6203	1.05	23.7958	24.5708	3.4444	2.707	2.7946	0.8041	0.8041	40589.6775	13902.6525	12720.7275	1029760.1182	352710.2939	0.00236378869995679
002918.SZ	20200508	24.7645	27.0433	24.6379	26.6051	24.7061	1.899000000000001	7.6864	71991.97	192923.577	5.1783	5.6594	1.53	25.6248	26.4594	3.7092	2.9151	3.0094	0.7467	0.7467	40589.6775	13902.6525	12720.7275	1108909.9893	379820.4663	0.00622061183758007
002918.SZ	20200511	26.7706	27.1699	26.1961	26.3908	26.6051	-0.2143000000000015	-0.8055	47293.98	129323.246	3.4018	3.7179	0.87	25.4184	26.2463	3.6793	2.8916	2.9852	0.7527	0.7527	40589.6775	13902.6525	12720.7275	1099980.2603	376761.8828	0.012546038771087002
002918.SZ	20200512	26.7219	27.91	26.2058	27.2673	26.3908	0.8765000000000001	3.3212	46642.1	129349.056	3.3549	3.6666	0.79	26.2626	27.118	3.8015	2.9876	3.0843	0.7285	0.7285	40589.6775	13902.6525	12720.7275	1136510.97	389274.27	0.003572044170123202
002918.SZ	20200513	27.3647	28.0464	27.053	27.4134	27.2673	0.1461000000000005	0.5358	40243.86	113377.988	2.8947	3.1636	0.67	26.4033	27.2632	3.8218	3.0036	3.1009	0.7247	0.7247	40589.6775	13902.6525	12720.7275	1142599.4216	391359.6679	-0.007106013847242617
002918.SZ	20200514	27.2186	27.3355	26.3519	26.6148	27.4134	-0.7986000000000004	-2.9132	47805.39	131777.626	3.4386	3.7581	0.95	25.6342	26.4691	3.7105	2.9161	3.0105	0.7464	0.7464	40589.6775	13902.6525	12720.7275	1109315.8861	379959.4928	0.0069547770413454935
002918.SZ	20200515	26.7999	27.1991	26.1766	26.6538	26.6148	0.0390000000000014	0.1465	39235.87	107210.249	2.8222	3.0844	0.77	25.6717	26.5078	3.7159	2.9204	3.0149	0.7453	0.7453	40589.6775	13902.6525	12720.7275	1110939.4732	380515.5989	0.0047497917745312045
002918.SZ	20200518	26.7804	29.1273	26.7609	27.9782	26.6538	1.3244000000000011	4.9689	59712.82	172594.215	4.2951	4.6941	1.35	26.9473	27.825	3.9006	3.0655	3.1648	0.71	0.71	40589.6775	13902.6525	12720.7275	1166141.4346	399423.2063	-0.006962563710317345
002918.SZ	20200519	27.7834	29.6045	27.5887	29.0689	27.9782	1.0906999999999982	3.8984	45869.24	135689.5	3.2993	3.6059	0.98	27.9978	28.9097	4.0526	3.185	3.2881	0.6834	0.6834	40589.6775	13902.6525	12720.7275	1211601.8734	414994.1771	-0.004021480000963145
002918.SZ	20200520	28.952	29.7506	28.4554	28.7962	29.0689	-0.2727000000000004	-0.9381	38225.95	114152.032	2.7495	3.005	0.82	27.7352	28.6385	4.0146	3.1551	3.2573	0.6899	0.6899	40589.6775	13902.6525	12720.7275	1200236.7637	411101.4344	0.016571630979087513
002918.SZ	20200521	29.2734	31.1626	28.9228	29.6824	28.7962	0.8862000000000023	3.0775	53668.44	165257.58	3.8603	4.218999999999999	1.16	28.5887	29.5199	4.1382	3.2522	3.3575	0.6693	0.6693	40589.6775	13902.6525	12720.7275	1237173.3702	423752.8482	-0.0026244508530307398
002918.SZ	20200522	29.6045	30.1888	28.4164	29.7506	29.6824	0.0681999999999973	0.2298	33793.85	102223.525	2.4307	2.6566	0.71	28.6543	29.5876	4.1477	3.2597	3.3652	0.6677	0.6677	40589.6775	13902.6525	12720.7275	1240014.6476	424726.0339	-0.0016369417759641886
002918.SZ	20200525	29.7019	30.627	28.8254	30.627	29.7506	0.8764000000000003	2.9458	39230.58	120832.227	2.8218	3.084	0.85	29.4985	30.4593	4.2699	3.3557	3.4644	0.6486	0.6486	40589.6775	13902.6525	12720.7275	1276545.3574	437238.4211	0.0009534071244326721
002918.SZ	20200526	30.6562	32.4578	30.1693	30.7536	30.627	0.1265999999999998	0.4134	57884.19	186761.60600000003	4.1635	4.5504	1.37	29.6204	30.5852	4.2875	3.3696	3.4787	0.6459999999999999	0.6459999999999999	40589.6775	13902.6525	12720.7275	1281822.0155	439045.766	0.005700145674002394
002918.SZ	20200527	30.9289	32.3799	30.7926	32.1364	30.7536	1.3828000000000031	4.4964	54576.8	178050.187	3.9256	4.2904	1.22	30.9523	31.9605	4.4803	3.5211	3.6351	0.6182	0.6182	40589.6775	13902.6525	12720.7275	1339459.3575	458787.5325	-0.011815262443833262
002918.SZ	20200528	31.7567	32.4286	29.585	30.9386	32.1364	-1.1978000000000009	-3.7272	91091.97	289703.803	6.5521	7.1609	1.9	29.7986	30.7692	4.3133	3.3899	3.4996	0.6421	0.6421	40589.6775	13902.6525	12720.7275	1289534.0542	441687.2699	-0.00849747564531045
002918.SZ	20200529	30.6757	31.7956	29.6337	31.2697	30.9386	0.3310999999999993	1.0702	53857.3	172059.765	3.8739	4.2338	0.97	30.1176	31.0985	4.3595	3.4262	3.5371	0.6353	0.6353	40589.6775	13902.6525	12720.7275	1303334.5445	446414.1718	0.027716927249062242
002918.SZ	20200601	32.1364	32.3215	30.7828	32.1267	31.2697	0.8569999999999993	2.7407	50100.3	163842.77599999998	3.6037	3.9385	0.84	30.9429	31.9508	4.479	3.5201	3.634	0.6183	0.6183	40589.6775	13902.6525	12720.7275	1339053.4607	458648.506	-0.016369561766381234
002918.SZ	20200602	31.6008	32.0293	30.179	30.6562	32.1267	-1.4705000000000013	-4.5772	64619.55	204746.705	4.648	5.0799	1.05	29.5266	30.4884	4.2739	3.3589	3.4677	0.648	0.648	40589.6775	13902.6525	12720.7275	1277763.0477	437655.5007	-0.01524650804731173
002918.SZ	20200603	30.1888	30.6173	29.5168	30.3349	30.6562	-0.3212999999999972	-1.0481	52628.06	162657.353	3.7855	4.1372	0.84	29.2171	30.1687	4.2291	3.3237	3.4313	0.6549	0.6549	40589.6775	13902.6525	12720.7275	1264368.4541	433067.6254	-0.009312705827281527
002918.SZ	20200604	30.0524	30.8802	29.6532	30.0135	30.3349	-0.3214000000000006	-1.0595	35456.39	109277.091	2.5503	2.7873	0.57	28.9076	29.8491	4.1843	3.2885	3.395	0.6619	0.6619	40589.6775	13902.6525	12720.7275	1250973.8606	428479.7501	0.01849501057857296
002918.SZ	20200605	30.5686	30.5686	29.5168	29.9648	30.0135	-0.0487000000000001	-0.1623	25832.9	79329.318	1.8581	2.0308	0.5	28.8607	29.8007	4.1776	3.2832	3.3895	0.6629999999999999	0.6629999999999999	40589.6775	13902.6525	12720.7275	1248944.3767	427784.6174	0.0016252402819308051
002918.SZ	20200608	30.0135	30.5394	29.5168	30.1888	29.9648	0.2240000000000002	0.7475	37758.45	116931.509	2.7159	2.9683	0.83	29.0764	30.0235	4.2088	3.3077	3.4148	0.6579999999999999	0.6579999999999999	40589.6775	13902.6525	12720.7275	1258280.0025	430982.2275	0.0
002918.SZ	20200609	30.1888	31.1431	29.7213	30.627	30.1888	0.4381999999999984	1.4515	38080.97	119285.038	2.7391	2.9936	0.88	29.4985	30.4593	4.2699	3.3557	3.4644	0.6486	0.6486	40589.6775	13902.6525	12720.7275	1276545.3574	437238.4211	-0.0015901002383517872
002918.SZ	20200610	30.5783	31.4158	29.9453	30.9776	30.627	0.3506	1.1447	31309.44	98937.321	2.252	2.4613	0.82	29.8362	30.808000000000003	4.3188	3.3942	3.504	0.6413	0.6413	40589.6775	13902.6525	12720.7275	1291157.6413	442243.376	0.005972057228449018
002918.SZ	20200611	31.1626	31.445	29.0689	29.7019	30.9776	-1.2757000000000005	-4.1181	73436.4	224911.859	5.2822	5.773	2.18	28.6075	29.5392	4.1409	3.2544	3.3597	0.6688	0.6688	40589.6775	13902.6525	12720.7275	1237985.1638	424030.9013	-0.0163928906904945
002918.SZ	20200612	29.215	29.7895	27.3744	29.1176	29.7019	-0.5842999999999989	-1.9672	45564.25	136397.217	3.2774	3.5819	1.1	28.0447	28.9581	4.0594	3.1904	3.2936	0.6822	0.6822	40589.6775	13902.6525	12720.7275	1213631.3573	415689.3098	-0.0016725279556007429
002918.SZ	20200615	29.0689	29.4	27.6373	27.7542	29.1176	-1.3633999999999986	-4.6824	74081.27	214344.954	5.3286	5.8237	1.64	26.7316	27.6022	3.8694	3.0410000000000004	3.1394	0.7158	0.7158	40589.6775	13902.6525	12720.7275	1156805.8088	396225.5963	0.012981818967939941
002918.SZ	20200616	28.1145	29.4974	27.8516	28.9423	27.7542	1.1880999999999986	4.2808	66300.36	195874.608	4.7689	5.2120000000000015	1.26	27.8759	28.7838	4.035	3.1712	3.2738	0.6864	0.6864	40589.6775	13902.6525	12720.7275	1206325.2153	413186.8323	0.006056878686213605
002918.SZ	20200617	29.1176	29.3902	28.1437	28.9423	28.9423	0.0	0.0	49824.18	146265.91	3.5838	3.9168	0.86	27.8759	28.7838	4.035	3.1712	3.2738	0.6864	0.6864	40589.6775	13902.6525	12720.7275	1206325.2153	413186.8323	0.01211375737242721
002918.SZ	20200618	29.2929	29.7895	28.6501	29.361	28.9423	0.4187000000000012	1.4467	39805.55	119255.123	2.8632	3.1292	0.64	28.2792	29.2002	4.0934	3.217	3.3212	0.6766		40589.6775	13902.6525	12720.7275	1223778.7766	419164.9729	-0.001658662852082701
002918.SZ	20200619	29.3123	32.302	29.3026	32.302	29.361	2.940999999999999	10.0167	114096.01	374224.255	8.1984	8.9693	2.07	31.1227	32.1364	4.5027	3.5405	3.6551	0.6148		40603.875	13916.85	12720.7275	1346830.5338	461621.9145	-0.005426908550554146
002918.SZ	20200622	32.1267	32.711	29.5655	29.624	32.302	-2.678000000000001	-8.2905	119000.43	376494.69	8.5508	9.3444	1.73	28.5424	29.472	4.1294	3.247	3.3521	0.6704		40603.875	13916.85	12734.925	1235169.8775	423350.5770000001	0.010845935727788308
002918.SZ	20200623	29.9453	30.1596	28.2606	29.0104	29.624	-0.6135999999999981	-2.0713	90694.31	268868.05100000004	6.5169	7.1217	1.17	27.9513	28.8617	4.0439	3.1797	3.2827	0.6846		40603.875	13916.85	12734.925	1209589.4363	414582.9615	0.008727904475636311
002918.SZ	20200624	29.2636	30.666	28.7865	29.3513	29.0104	0.3408999999999977	1.1751	57896.79	175212.02	4.1602	4.5463	0.7	28.2797	29.2008	4.0914	3.2171	3.3212	0.6766		40603.875	13916.85	12734.925	1223800.7925	419453.859	-0.0006643658032181603
002918.SZ	20200629	29.3318	29.6629	28.3677	29.2929	29.3513	-0.0583999999999989	-0.1989999999999999	44308.99	131866.574	3.1838	3.4793	0.53	28.2234	29.1426	4.0833	3.2107	3.3146	0.6779999999999999		40603.875	13916.85	12734.925	1221364.56	418618.848	0.014252600459497026
002918.SZ	20200630	29.7104	30.3411	29.2473	29.4739	29.2966	0.1772999999999989	0.6052	44434.83	133646.212	3.1929	3.4892	0.52	28.0639	28.9779	4.2627	3.1925	3.2959	0.6818	1.1702	40603.875	13916.85	12734.925	1214461.9013	416252.9835	0.006354774902540908
002918.SZ	20200701	29.6612	30.4002	28.7743	30.0652	29.4739	0.5913000000000004	2.0062	60940.77	183272.742	4.3789	4.7853	0.86	28.6268	29.5592	4.3482	3.2566	3.362	0.6684	1.1472	40603.875	13916.85	12734.925	1238824.2263	424603.0935	0.0
002918.SZ	20200702	30.0652	33.0707	29.809	32.0262	30.0652	1.961000000000002	6.5225	123087.47	402961.338	8.8445	9.6653	2.06	30.494	31.4872	4.6319	3.469	3.5813	0.6275	1.0769	40603.875	13916.85	12734.925	1319625.9375	452297.625	0.007690578338984892
002918.SZ	20200703	32.2725	32.3021	29.7893	31.1196	32.0262	-0.9066000000000044	-2.8308	85638.9	264992.12	6.1536	6.7247	1.29	29.6308	30.5959	4.5007	3.3708	3.4799	0.6458	1.1083	40603.875	13916.85	12734.925	1282270.3725	439494.123	-0.02469826090309642
002918.SZ	20200706	30.351	31.9178	30.2524	30.9619	31.1196	-0.1576999999999984	-0.5068	57095.88	180359.545	4.1026	4.4834	0.8	29.4807	30.4409	4.4779	3.3537	3.4623	0.649	1.1139	40603.875	13916.85	12734.925	1275773.7525	437267.427	0.0003197478190938475
002918.SZ	20200707	30.9718	33.386	30.6269	32.7751	30.9619	1.813200000000002	5.8562	59694.77	194289.038	4.2894	4.6875	0.8	31.2071	32.2235	4.7402	3.5501	3.665	0.6131	1.0523	40603.875	13916.85	12734.925	1350484.8825	462874.431	-0.007816909788223369
002918.SZ	20200708	32.5189	32.6076	31.3955	32.243	32.7751	-0.5320999999999998	-1.6235	38211.21	124258.037	2.7457	3.0005	0.49	30.7004	31.7004	4.6632	3.4925	3.6055	0.6233	1.0697	40603.875	13916.85	12734.925	1328558.79	455359.33200000005	-0.010085910120026124
002918.SZ	20200709	31.9178	33.8492	31.5532	33.5142	32.243	1.2712000000000003	3.9426	52836.66	174773.56	3.7966	4.149	0.73	31.9108	32.9502	4.8471	3.6302	3.7477	0.5996	1.0291	40603.875	13916.85	12734.925	1380937.7888	473312.0685	-0.005293278669937094
002918.SZ	20200710	33.3368	34.5883	32.509	32.8145	33.5142	-0.6997	-2.0878	50829.41	172037.21899999998	3.6524	3.9913	0.87	31.2446	32.2623	4.7459	3.5544	3.6694	0.6124	1.0511	40603.875	13916.85	12734.925	1352109.0375	463431.105	0.03873897210074815
002918.SZ	20200713	34.0857	36.096	32.578	35.9383	32.8145	3.123799999999996	9.5196	79848.92	287633.781	5.7376	6.2701	1.54	34.219	35.3335	5.1977	3.8927	4.0188	0.5592	0.9597	40603.875	13916.85	12734.925	1480823.3213	507547.5195	-0.004660765812517478
002918.SZ	20200714	35.7708	37.4657	34.7262	37.2785	35.9383	1.340200000000003	3.7292	61132.75	225929.775	4.3927	4.8004	1.09	35.495	36.6511	5.3915	4.0379	4.1686	0.5391	0.9252	40603.875	13916.85	12734.925	1536044.5913	526474.4355	0.0
002918.SZ	20200715	37.2785	38.2934	36.2241	37.2489	37.2785	-0.029600000000002	-0.0794	30951.35	116236.383	2.224	2.4304	0.55	35.4669	36.6221	5.3872	4.0347	4.1653	0.5395	0.9259	40603.875	13916.85	12734.925	1534826.475	526056.93	0.04497314014642054
002918.SZ	20200716	38.9241	40.1362	35.3766	36.3719	37.2489	-0.8770000000000024	-2.3544	50363.35	193314.871	3.6189	3.9547	0.91	34.6318	35.7598	5.2604	3.9397	4.0672	0.5525	0.9483	40603.875	13916.85	12734.925	1498689.0263	513670.9335	0.0021665076611340375
002918.SZ	20200717	36.4507	40.0081	35.8693	40.0081	36.3719	3.6362000000000014	9.9973	62178.82	244712.062	4.4679	4.8825	1.14	38.0941	39.3348	5.7863	4.3336	4.4739	0.5023	0.8621	40603.875	13916.85	12734.925	1648517.325	565024.11	0.03448301718901931
002918.SZ	20200720	41.3877	44.0089	40.0179	43.8315	40.0081	3.8234	9.5566	74548.73	321886.757	5.3567	5.8539	1.31	41.7346	43.0939	6.3392	4.7477	4.9014	0.4585	0.7869	40603.875	13916.85	12734.925	1806060.36	619021.488	-0.023380445569966785
002918.SZ	20200721	42.8067	44.9352	42.3731	42.9446	43.8315	-0.8868999999999971	-2.0234	56587.13	248578.681	4.0661	4.4435	1.01	40.8901	42.222	6.211	4.6517	4.8022	0.4679	0.8031	40603.875	13916.85	12734.925	1769516.8725	606496.323	-0.00642455628879999
002918.SZ	20200722	42.6687	43.26	41.5453	41.9395	42.9446	-1.0050999999999988	-2.3405	50723.52	216799.88	3.6448	3.983	0.92	39.9331	41.2337	6.0656	4.5428	4.6898	0.4792	0.8224	40603.875	13916.85	12734.925	1728100.92	592301.136	-0.03665518186912104
002918.SZ	20200723	40.4022	41.3877	38.3132	40.7274	41.9395	-1.2120999999999995	-2.8901	88940.51	358207.9420000001	6.3909	6.984	1.51	38.779	40.0421	5.8903	4.4115	4.5543	0.4934	0.8468	40603.875	13916.85	12734.925	1678158.1538	575183.4105	-0.01814503258248757
002918.SZ	20200724	39.9884	40.1362	36.835	38.5299	40.7274	-2.1975000000000047	-5.3956	86509.18	336857.177	6.2161	6.7931	1.3	36.6866	37.8816	5.5725	4.1735	4.3086	0.5216	0.8951	40603.875	13916.85	12734.925	1587611.5125	544148.835	-0.018414270475656528
002918.SZ	20200727	37.8204	38.0767	36.4606	37.377	38.5299	-1.1528999999999954	-2.9922	58002.65	218589.899	4.1678	4.5546	0.81	35.5889	36.74800000000001	5.4057	4.0486	4.1796	0.5376	0.9228	40603.875	13916.85	12734.925	1540104.9788	527866.1205	0.0
002918.SZ	20200728	37.377	39.2099	36.6675	38.5004	37.377	1.1233999999999966	3.0056	69190.97	267162.082	4.9717	5.4332	1.02	36.6585	37.8525	5.5682	4.1703	4.3053	0.522	0.8958	40603.875	13916.85	12734.925	1586393.3963	543731.3295	-0.004350604149567196
002918.SZ	20200729	38.3329	41.2793	38.0175	40.2938	38.5004	1.7933999999999983	4.6581	67331.12	271576.408	4.8381	5.2871	0.95	38.3662	39.6158	5.8276	4.3645	4.5058	0.4987	0.856	40603.875	13916.85	12734.925	1660292.4488	569059.9965	0.0004913907350511392
002918.SZ	20200730	40.3136	41.092	39.3281	40.5501	40.2938	0.2563000000000031	0.6361	38859.25	158901.22699999998	2.7922	3.0514	0.53	38.6101	39.8677	5.8646	4.3923	4.5345	0.4956	0.8505	40603.875	13916.85	12734.925	1670849.4563	572678.3775	-0.012394544033183668
002918.SZ	20200731	40.0475	40.6683	38.5201	40.284	40.5501	-0.2661000000000016	-0.6562	41361.95	167360.397	2.9721	3.2479	0.65	38.3568	39.6061	5.8262	4.3635	4.5047	0.4988	0.8562	40603.875	13916.85	12734.925	1659886.41	568920.828	0.019568563201270966
002918.SZ	20200803	41.0723	41.0723	38.1456	39.3971	40.284	-0.8868999999999971	-2.2016	78513.49	312427.434	5.6416	6.1652	1.43	37.5123	38.7341	5.6979	4.2674	4.4055	0.5101	0.8754	40603.875	13916.85	12734.925	1623342.9225	556395.663	-0.01325732097032526
002918.SZ	20200804	38.8748	39.3478	37.9683	38.0865	39.3971	-1.3106000000000009	-3.3266	71842.15	282157.776	5.1622	5.6413	1.22	36.2644	37.4456	5.5083	4.1254	4.259	0.5276	0.9056	40603.875	13916.85	12734.925	1569339.7688	537886.2525	-0.015522560487311793
002918.SZ	20200805	37.4953	40.353	36.9434	39.9391	38.0865	1.8526000000000025	4.8642	75057.35	298313.326	5.3933	5.8938	1.26	38.0284	39.267	5.7763	4.3261	4.4661	0.5032	0.8636	40603.875	13916.85	12734.925	1645675.0538	564049.9305	-0.0009865019492176976
002918.SZ	20200806	39.8997	41.1906	39.1311	40.8063	39.9391	0.8671999999999969	2.1713	54422.37	223484.798	3.9105	4.2735	0.89	38.8541	40.1196	5.9017	4.42	4.5631	0.4925	0.8452	40603.875	13916.85	12734.925	1681406.4638	576296.7585	-0.0038645993388275435
002918.SZ	20200807	40.6486	40.895	38.8354	40.4121	40.8063	-0.3941999999999979	-0.966	43969.53	178067.866	3.1594	3.4527	0.68	38.4788	39.732	5.8447	4.3773	4.519	0.4973	0.8535	40603.875	13916.85	12734.925	1665164.9138	570730.0185	0.011216937501391877
002918.SZ	20200810	40.8654	43.9498	40.4121	42.8658	40.4121	2.4536999999999978	6.0717	79200.7	342440.895	5.691	6.2192	1.22	40.8151	42.1444	6.1996	4.6431	4.7934	0.4688	0.8046	40603.875	13916.85	12734.925	1766268.5625	605382.975	0.009884336697320396
002918.SZ	20200811	43.2895	44.7184	42.0085	42.5702	42.8658	-0.2956000000000003	-0.6896	83161.61	367262.32	5.9756	6.5302	1.28	40.5336	41.8538	6.1568	4.6111	4.7604	0.4721	0.8102	40603.875	13916.85	12734.925	1754087.4	601207.92	-0.003009147243846548
002918.SZ	20200812	42.4421	42.7968	38.3132	38.727	42.5702	-3.843200000000003	-9.0279	76798.3	309503.564	5.5184	6.0305	1.14	36.8743	38.0753	5.601	4.1948	4.3306	0.5189	0.8906	40603.875	13916.85	12734.925	1595732.2875	546932.205	0.012722390063779957
002918.SZ	20200813	39.2197	39.3676	37.6431	38.0471	38.727	-0.6798999999999964	-1.7556	37853.76	146614.812	2.72	2.9724	0.56	36.2269	37.4068	5.5026	4.1212	4.2546	0.5282	0.9065	40603.875	13916.85	12734.925	1567715.6138	537329.5785	-0.008029521303857642
002918.SZ	20200814	37.7416	39.811	37.5445	39.6533	38.0471	1.6062000000000012	4.2216	37165.38	147456.128	2.6705	2.9184	0.58	37.7563	38.986	5.7349	4.2951	4.4342	0.5068	0.8698	40603.875	13916.85	12734.925	1633899.93	560014.044	-0.04125255653375642
002918.SZ	20200817	38.0175	43.6049	38.0175	43.5556	39.6533	3.9022999999999968	9.841	79971.62	336041.263	5.7464	6.2797	1.27	41.4719	42.8226	6.2993	4.7178	4.8706	0.4614	0.7919	40603.875	13916.85	12734.925	1794691.275	615124.77	0.004297954798005406
002918.SZ	20200818	43.7428	46.7779	43.5654	45.9206	43.5556	2.365000000000002	5.4298	63789.72	293667.318	4.5836	5.009	1.01	43.7237	45.1478	6.6414	4.974	5.135	0.4376	0.7511	40603.875	13916.85	12734.925	1892140.575	648525.21	0.0015025936072264434
002918.SZ	20200819	45.9896	47.4874	45.3293	46.0191	45.9206	0.0985000000000013	0.2145	43619.79	204893.172	3.1343	3.4252	0.74	43.8176	45.2447	6.6556	4.9847	5.146	0.4367	0.7495	40603.875	13916.85	12734.925	1896200.9625	649916.895	0.014989428302596057
002918.SZ	20200820	46.7089	46.7089	44.3636	44.7479	46.0191	-1.2712000000000003	-2.7623	42801.95	196558.27	3.0755	3.361	0.82	42.6072	43.9949	6.4718	4.847	5.0039	0.4491	0.7708	40603.875	13916.85	12734.925	1843821.9638	631964.1585	0.011672056118834656
002918.SZ	20200821	45.2702	47.0834	45.2308	46.90600000000001	44.7479	2.158099999999997	4.8228	48434.73	227723.036	3.4803	3.8033	0.91	44.662	46.1167	6.7839	5.0807	5.2452	0.4284	0.7353	40603.875	13916.85	12734.925	1932744.45	662442.06	0.00630196563339415
002918.SZ	20200824	47.2016	48.1871	44.4523	46.7385	46.90600000000001	-0.1674999999999968	-0.3571	58859.11	276675.728	4.2336	4.627	1.06	44.5025	39.7849	6.3593	5.0626	4.8299	0.43	0.7379	40603.875	13902.7125	12720.7875	1925841.7913	659405.6539	0.030360409512500335
002918.SZ	20200825	48.1575	48.1575	45.8221	46.2753	46.7385	-0.4632000000000005	-0.991	28582.98	134774.708	2.0559	2.247	0.55	44.0615	39.3906	6.2963	5.0124	4.7821	0.4343	0.7453	40603.875	13902.7125	12720.7875	1906757.97	652871.379	0.006176080976244385
002918.SZ	20200826	46.5611	47.044	42.3829	43.6049	46.2753	-2.6704000000000008	-5.7707	53890.95	243349.241	3.8763	4.2364	1.21	41.5188	37.1174	5.933	4.7232	4.5061	0.4609	0.7909999999999999	40603.875	13902.7125	12720.7875	1796721.4688	615195.0281	0.011299188852628931
002918.SZ	20200827	44.0976	44.137	42.2647	43.1121	43.6049	-0.4928000000000026	-1.1301	33700.62	146544.381	2.424	2.6493	0.72	41.0496	36.698	5.8659	4.6698	4.4552	0.4661	0.8	40603.875	13902.7125	12720.7875	1776419.5313	608243.6719	0.005258384537055746
002918.SZ	20200828	43.3388	43.457	40.5993	42.3632	43.1121	-0.748899999999999	-1.7371	60065.29	254466.496	4.3204	4.7218	1.34	40.3365	36.0605	5.763999999999999	4.5887	4.3778	0.4744	0.8141	40603.875	13902.7125	12720.7875	1745560.5863	597677.6104	0.014887921592325352
002918.SZ	20200831	42.9939	43.4669	41.7523	42.0676	42.3632	-0.2956000000000003	-0.6978	41657.68	179285.93600000005	2.9964	3.2748	0.89	40.0551	35.8089	5.7238	4.5567	4.3472	0.4777	0.8199	40603.875	13902.7125	12720.7875	1733379.4238	593506.7966	-0.004449980507563948
002918.SZ	20200901	41.8804	43.0235	40.7964	41.5355	42.0676	-0.5320999999999998	-1.2649	42960.44	180784.392	3.0901	3.3772	0.99	39.5484	35.3559	5.6514	4.499	4.2922	0.4838	0.8304	40603.875	13902.7125	12720.7875	1711453.3313	585999.3319	0.0
002918.SZ	20200902	41.5355	41.7424	39.4168	39.9588	41.5355	-1.5767000000000024	-3.796	64171.65	262371.689	4.6158	5.0446	1.38	38.0471	34.0138	5.4369	4.3282	4.1293	0.5029	0.8631	40603.875	13902.7125	12720.7875	1646487.1313	563754.9919	-0.0012337707839073055
002918.SZ	20200903	39.9095	40.7767	39.5548	40.2741	39.9588	0.3153000000000006	0.7891	52464.96	213514.952	3.7737	4.1243	1.08	38.3474	34.2823	5.4798	4.3624	4.1619	0.499	0.8564	40603.875	13902.7125	12720.7875	1659480.3713	568203.8599	-0.020551669683493864
002918.SZ	20200904	39.4464	40.895	38.934	40.688	40.2741	0.4139000000000053	1.0277	43098.39	175119.849	3.1	3.388	0.82	38.7415	34.6346	5.5361	4.4072	4.2047	0.4939	0.8477	40603.875	13902.7125	12720.7875	1676533.9988	574042.9991	-0.007024184034604842
002918.SZ	20200907	40.4022	41.092	39.5942	39.9884	40.688	-0.6996000000000038	-1.7194	47168.9	192602.359	3.3928	3.708	0.97	38.0753	34.039	5.4409	4.3314	4.1324	0.5025	0.8625	40603.875	13902.7125	12720.7875	1647705.2475	564172.0733	0.010348000920266926
002918.SZ	20200908	40.4022	40.5008	38.9241	40.2446	39.9884	0.2561999999999997	0.6407	33954.74	137265.626	2.4423	2.6692	0.68	38.3192	34.2571	5.4758	4.3592	4.1588	0.4993	0.857	40603.875	13902.7125	12720.7875	1658262.255	567786.7785	-0.008816089612022416
002918.SZ	20200909	39.8898	40.0968	37.8401	38.8748	40.2446	-1.369799999999998	-3.4037	48215.9	190453.671	3.4681	3.7903	1.0	37.015	33.0911	5.2894	4.2108	4.0173	0.5169	0.8872	40603.875	13902.7125	12720.7875	1601822.8688	548462.0081	0.01394219391482404
002918.SZ	20200910	39.4168	39.9982	38.5102	38.6285	38.8748	-0.246299999999998	-0.6336	31964.5	127190.143	2.2992	2.5128	0.71	36.7805	32.8814	5.2559	4.1841	3.9918	0.5202	0.8929	40603.875	13902.7125	12720.7875	1591671.9	544986.33	0.016581021784433665
002918.SZ	20200911	39.269	39.269	37.8401	38.2146	38.6285	-0.4139000000000053	-1.0715	35969.79	139305.684	2.5872	2.8276	0.88	36.3864	32.5291	5.1996	4.1393	3.9491	0.5259	0.9025	40603.875	13902.7125	12720.7875	1574618.2725	539147.1908	0.018566202446185637
002918.SZ	20200914	38.9241	39.0227	37.0715	37.446	38.2146	-0.7685999999999993	-2.0113	41035.32	157627.784	2.9516	3.2258	1.04	35.6545	31.8749	5.095	4.0561	3.8696	0.5367	0.9211	40603.875	13902.7125	12720.7875	1542947.25	528303.075	-0.0005260909042354397
002918.SZ	20200915	37.4263	40.5008	37.1011	40.1756	37.446	2.729600000000005	7.2894	49676.81	197593.076	3.5732	3.9052	1.3	38.2536	34.1984	5.4664	4.3517	4.1517	0.5002	0.8585	40603.875	13902.7125	12720.7875	1655419.9838	566813.5886	-0.0017174603490676583
002918.SZ	20200916	40.1066	41.3285	38.7467	39.9588	40.1756	-0.2168000000000063	-0.5396	34803.48	140045.076	2.5034	2.736	0.84	38.0471	34.0138	5.4369	4.3282	4.1293	0.5029	0.8631	40603.875	13902.7125	12720.7875	1646487.1313	563754.9919	-0.0024650389901597213
002918.SZ	20200917	39.8603	40.8358	38.5595	39.2296	39.9588	-0.7291999999999987	-1.8249	35163.12	140725.935	2.5292	2.7642	0.91	37.3528	33.3931	5.3377	4.2492	4.053999999999999	0.5123	0.8792	40603.875	13902.7125	12720.7875	1616440.2638	553466.9846	0.0
002918.SZ	20200918	39.2296	40.0081	38.7862	39.7519	39.2296	0.5223000000000013	1.3314	31340.15	125587.21	1.9035	2.0804	0.67	37.7938	33.7874	5.4007	4.2994	4.1018	0.5055	0.8676	40603.875	13902.7125	12720.7875	1635524.085	560001.2595	-0.0071895934533947265
002918.SZ	20200921	39.4661	40.3037	37.9387	38.2146	39.7519	-1.537300000000002	-3.8672	49933.72	195392.368	3.5917	3.9254	1.3	36.3864	32.5291	5.1996	4.1393	3.9491	0.5259	0.9025	40603.875	13902.7125	12720.7875	1574618.2725	539147.1908	-0.009281792822638312
002918.SZ	20200922	37.8599	37.8599	36.4606	36.6379	38.2146	-1.576699999999995	-4.1259	41071.21	154843.30599999998	2.9542	3.2287	1.02	34.8852	31.187	4.985	3.9685	3.7861	0.5485	0.9414	40603.875	13902.7125	12720.7875	1509652.0725	516902.8508	0.00027021199359119084
002918.SZ	20200923	36.6478	37.1701	35.4751	36.431	36.6379	-0.2069000000000044	-0.5647	55851.3	204012.772	4.0173	4.3906	1.45	34.6881	31.0109	4.9569	3.9461	3.7648	0.5516	0.9467	40603.875	13902.7125	12720.7875	1501125.2588	513983.2811	-0.005410227553457192
002918.SZ	20200924	36.2339	36.8252	35.6722	35.9186	36.431	-0.5123999999999995	-1.4065	42837.6	156927.857	3.0812	3.3675	1.0	34.2002	30.5747	4.8872	3.8906	3.7118	0.5595	0.9602	40603.875	13902.7125	12720.7875	1480011.2438	506753.8706	-0.003842020568730355
002918.SZ	20200925	35.7806	36.5197	34.2926	35.6919	35.9186	-0.226700000000001	-0.6311	54201.15	195319.378	3.8986	4.2608	1.23	33.9844	30.3818	4.8563	3.8661	3.6884	0.563	0.9663	40603.875	13902.7125	12720.7875	1470672.3525	503556.2468	-0.0030371036565718292
002918.SZ	20200928	35.5835	36.4606	34.5488	35.2386	35.6919	-0.4532999999999987	-1.27	36841.79	131044.073	2.65	2.8962	0.76	33.5528	29.9959	4.7946	3.817	3.6415	0.5703	0.9787	40603.875	13902.7125	12720.7875	1451994.57	497160.999	0.002798068027674331
002918.SZ	20200929	35.3372	35.8496	34.7656	35.3076	35.2386	0.0690000000000026	0.1958	29941.59	107260.51	2.1537	2.3538	0.65	33.6185	30.0546	4.803999999999999	3.8244	3.6487	0.5692	0.9768	40603.875	13902.7125	12720.7875	1454836.8413	498134.1889	0.00697866748235511
002918.SZ	20200930	35.554	37.2489	35.3766	35.82	35.3076	0.5123999999999995	1.4512	40021.35	147094.299	2.8787	3.1461	0.91	34.1064	30.4908	4.8738	3.8799	3.7016	0.561	0.9629	40603.875	13902.7125	12720.7875	1475950.8563	505363.5994	0.017883863763260725
002918.SZ	20201009	36.4606	37.2489	35.081	35.4751	35.82	-0.3449000000000026	-0.9629	43640.99	157940.342	3.139	3.4307	1.07	33.778	30.1972	4.8268	3.8426	3.666	0.5665	0.9722	40603.875	13902.7125	12720.7875	1461739.5	500497.65	-0.0016659572488872708
002918.SZ	20201012	35.416	37.0025	35.416	36.7562	35.4751	1.281100000000002	3.6113	67460.18	248019.153	4.8523	5.3031	1.65	34.9977	31.2877	5.0011	3.9813	3.7984	0.5467	0.9383	40603.875	13902.7125	12720.7875	1514524.5375	518571.1763	0.00455705432008741
002918.SZ	20201013	36.9237	37.0518	35.4062	35.5638	36.7562	-1.1923999999999992	-3.2441	61508.67	223335.411	4.4242	4.8353	1.41	33.8624	30.2727	4.8389	3.8522	3.6751	0.5651	0.9698	40603.875	13902.7125	12720.7875	1465393.8488	501748.8941	-0.03158830046283029
002918.SZ	20201014	34.4404	34.4897	32.913000000000004	33.8492	35.5638	-1.7145999999999972	-4.8212	122821.76	421157.181	8.8344	9.6552	2.53	32.2298	28.8132	4.6056	3.6665	3.498	0.5937	1.0189	40603.875	13902.7125	12720.7875	1394743.1063	477558.1744	0.005530411353887156
002918.SZ	20201015	34.0364	34.0364	32.1543	32.2922	33.8492	-1.5570000000000022	-4.5998	96725.35	322871.584	6.9573	7.6037	1.44	30.7473	27.4879	4.3938	3.4978	3.3371	0.6223	1.0681	40603.875	13902.7125	12720.7875	1330588.9838	455591.8886	-0.01281423997126247
002918.SZ	20201016	31.8784	31.9769	30.4396	31.5137	32.2922	-0.7785000000000011	-2.4108	90558.91	286034.00800000003	6.5138	7.119	1.15	30.0061	26.8252	4.2878	3.4135	3.2566	0.6377	1.0944	40603.875	13902.7125	12720.7875	1298511.9225	444608.7458	0.015948619171979202
002918.SZ	20201019	32.0163	32.5977	30.4988	30.6072	31.5137	-0.9065000000000012	-2.8765	58960.53	188842.035	4.2409	4.635	0.67	29.1429	26.0535	4.1645	3.3153	3.1629	0.6566	1.1269	40603.875	13902.7125	12720.7875	1261156.3575	431818.2503	0.00643639405107304
002918.SZ	20201020	30.8042	30.8535	29.9371	30.686	30.6072	0.078800000000001	0.2575	73921.41	228124.598	5.317	5.8111	0.86	29.218000000000004	26.1206	4.1752	3.3238	3.1711	0.6549	1.124	40603.875	13902.7125	12720.7875	1264404.6675	432930.4673	0.011559017141367435
002918.SZ	20201021	31.0407	31.0407	29.6415	30.0159	30.686	-0.6701000000000015	-2.1837	60137.47	183223.119	4.3256	4.7275	0.68	28.5799	25.5502	4.084	3.2512	3.1018	0.6695	1.149	40603.875	13902.7125	12720.7875	1236794.0325	423476.6228	-0.004267738098807628
002918.SZ	20201022	29.8878	29.9962	29.1389	29.5626	30.0159	-0.4532999999999987	-1.5102	43017.55	128739.475	3.0942	3.3817	0.57	28.1483	25.1644	4.0224	3.2021	3.055	0.6798	1.1667	40603.875	13902.7125	12720.7875	1218116.25	417081.375	0.0003348825881350692
002918.SZ	20201023	29.5725	29.6415	28.4787	28.7546	29.5626	-0.8079999999999998	-2.7332	34176.96	100490.531	2.4583	2.6867	0.52	27.3789	24.4765	3.9124	3.1146	2.9715	0.6989	1.1995	40603.875	13902.7125	12720.7875	1184821.0725	405681.1508	0.001025922808872276
002918.SZ	20201026	28.7841	29.9568	27.5918	29.3064	28.7546	0.5518000000000001	1.919	56284.25	166621.668	4.0484	4.4246	1.04	27.9044	23.7859	3.7824	3.1744	2.7051	0.6857	1.1769	40603.875	13902.7125	12720.7875	1207559.2425	413466.6698	-0.011096552288919787
002918.SZ	20201027	28.9812	30.4002	28.7841	30.1834	29.3064	0.8769999999999989	2.9925	68192.04	207056.049	4.9049	5.3607	1.27	28.7394	24.4978	3.8956	3.2694	2.786	0.6658	1.1427	40603.875	13902.7125	12720.7875	1243696.6913	425840.0839	0.006205397668917367
002918.SZ	20201028	30.3707	30.4988	29.6415	30.2031	30.1834	0.0197000000000002	0.0653	37978.28	116225.179	2.7317	2.9855	0.73	28.7582	24.5138	3.8982	3.2715	2.7878	0.6653	1.1419	40603.875	13902.7125	12720.7875	1244508.7688	426118.1381	-0.01468061225503344
002918.SZ	20201029	29.7597	30.3312	29.6612	30.2327	30.2031	0.029600000000002	0.098	24640.76	75265.768	1.7724	1.937	0.51	28.7863	24.5378	3.902	3.2747	2.7906	0.6647	1.1408	40603.875	13902.7125	12720.7875	1245726.885	426535.2195	-0.0061919709453671255
002918.SZ	20201030	30.0455	30.3904	29.3655	29.4936	30.2327	-0.7391000000000005	-2.4447	31056.83	94173.83	2.2339	2.4414	0.7	28.0826	23.9379	3.8066	3.1947	2.7223	0.6814	1.1694	40603.875	13902.7125	12720.7875	1215273.9788	416108.1851	-0.004007649117096646
002918.SZ	20201102	29.3754	30.351	29.0601	29.7794	29.4936	0.2857999999999983	0.969	31095.46	93846.935	2.2366	2.4445	0.71	28.3547	24.1698	3.8435	3.2256	2.7487	0.6748	1.1582	40603.875	13902.7125	12720.7875	1227049.1025	420139.9718	0.01488948736374811
002918.SZ	20201103	30.2228	30.2228	29.0995	29.4542	29.7794	-0.3251999999999988	-1.092	30460.6	91016.232	2.191	2.3946	0.79	28.0451	23.9059	3.8015	3.1904	2.7187	0.6823	1.171	40603.875	13902.7125	12720.7875	1213649.8238	415552.0766	0.0
002918.SZ	20201104	29.4542	29.7498	28.9714	29.1882	29.4542	-0.2660000000000018	-0.9031	26107.17	77459.707	1.8778	2.0523	0.84	27.7918	23.69	3.7672	3.1616	2.6941	0.6885	1.1816	40603.875	13902.7125	12720.7875	1202686.7775	411798.3443	0.006074372520402165
002918.SZ	20201105	29.3655	31.1393	29.3458	30.9422	29.1882	1.7540000000000011	6.0093	64399.76	197961.099	4.6322	5.0626	2.25	29.4619	25.1136	3.9935	3.3516	2.8560000000000003	0.6495	1.1146	40603.875	13902.7125	12720.7875	1274961.675	436545.1725	0.007963234676267405
002918.SZ	20201106	31.1886	31.4251	29.9863	30.6663	30.9422	-0.2759	-0.8917	39974.68	123238.359	2.8753	3.1425	1.09	29.1992	24.8897	3.9579	3.3217	2.8306	0.6553	1.1247	40603.875	13902.7125	12720.7875	1263592.59	432652.413	-0.0038576548197859347
002918.SZ	20201109	30.548	32.3218	29.9272	31.7897	30.6663	1.1234000000000002	3.6633	75192.17	237902.713	5.4085	5.9110000000000005	1.96	30.2688	25.8014	4.1029	3.4434	2.9343	0.6321	1.0849	40603.875	13902.7125	12720.7875	1309881.0075	448501.5053	0.0
002918.SZ	20201110	31.7897	32.4696	31.0999	31.8094	31.7897	0.0197000000000002	0.062	47986.22	155057.515	3.4516	3.7723	1.02	30.2876	25.8174	4.1055	3.4455	2.9361	0.6317	1.0843	40603.875	13902.7125	12720.7875	1310693.085	448779.5595	-0.0006193137877482843
002918.SZ	20201111	31.7897	32.647	31.5335	32.2627	31.8094	0.4533000000000023	1.4251	47390.82	154526.691	3.4087	3.7255	0.93	30.7192	26.1853	4.164	3.4946	2.9779	0.6229	1.069	40603.875	13902.7125	12720.7875	1329370.8675	455174.8073	-0.0006106122550189622
002918.SZ	20201112	32.243	33.9477	31.3364	33.6028	32.2627	1.3400999999999996	4.1537	73592.84	247368.16600000003	5.2934	5.7852	1.34	31.9953	27.2731	4.3369	3.6398	3.1016	0.598	1.0264	40603.875	13902.7125	12720.7875	1384592.1375	474082.4963	0.005865582630018895
002918.SZ	20201113	33.7999	34.1054	32.6765	32.982	33.6028	-0.6208000000000027	-1.8475	49984.87	168176.884	3.5953	3.9294	0.88	31.4041	26.7692	4.2568	3.5725	3.0443	0.6093	1.0457	40603.875	13902.7125	12720.7875	1359011.6963	465323.7874	-0.004778363956097331
002918.SZ	20201116	32.8244	32.9722	31.4448	31.5137	32.982	-1.4682999999999993	-4.4518	48794.28	157733.064	3.5097	3.8358	0.83	30.0061	25.5775	4.0673	3.4135	2.9088	0.6377	1.0944	40603.875	13902.7125	12720.7875	1298511.9225	444608.7458	0.004693196927050772
002918.SZ	20201117	31.6616	31.6616	30.351	31.2181	31.5137	-0.2956000000000003	-0.938	39651.37	123941.969	2.8521	3.1171	0.74	29.7246	25.3376	4.0292	3.3815	2.8815	0.6437	1.1048	40603.875	13902.7125	12720.7875	1286330.76	440437.932	-0.01136199832789315
002918.SZ	20201118	30.8634	32.0262	30.7944	31.3955	31.2181	0.1773999999999986	0.5683	29319.89	93512.703	2.1089	2.3049	0.57	29.8935	25.4815	4.052	3.4007	2.8979	0.6401	1.0986	40603.875	13902.7125	12720.7875	1293639.4575	442940.4203	-0.004707681037091308
002918.SZ	20201119	31.2477	31.632	29.9174	30.3017	31.3955	-1.093799999999998	-3.4839	51448.51	159103.37699999998	3.7006	4.0444	1.07	28.852	24.5937	3.9109	3.2822	2.7969	0.6632	1.1382	40603.875	13902.7125	12720.7875	1248569.1563	427508.4094	0.0035773570459743053
002918.SZ	20201120	30.4101	30.9028	29.8681	30.4988	30.3017	0.1970999999999989	0.6505	32808.3	101218.606	2.3598	2.5791	0.75	29.0397	24.7537	3.9363	3.3035	2.8151	0.6589	1.1309	40603.875	13902.7125	12720.7875	1256689.9313	430288.9519	-0.0003246029351973928
002918.SZ	20201123	30.4889	30.548	29.5626	29.6612	30.4988	-0.8375999999999983	-2.7463	41948.68	126865.221	3.0173	3.2976	1.04	28.2421	24.0739	3.8282	3.2128	2.7378	0.6775	1.1628	40603.875	13902.7125	12720.7875	1222176.6375	418471.6463	-0.00498631208447399
002918.SZ	20201124	29.5133	29.6612	28.6265	29.3655	29.6612	-0.2957000000000001	-0.9969	45043.87	133371.485	3.2399	3.5410000000000004	1.15	27.9607	23.8339	3.7901	3.1808	2.7105	0.6843	1.1745	40603.875	13902.7125	12720.7875	1209995.475	414300.8325	0.00939878428768452
002918.SZ	20201125	29.6415	29.6612	28.5772	28.6265	29.3655	-0.7390000000000008	-2.5166	31552.2	92488.713	2.2695	2.4804	0.79	27.257	23.2341	3.6947	3.1007	2.6423	0.7020000000000001	1.2048	40603.875	13902.7125	12720.7875	1179542.5688	403873.7981	-0.001722180497091813
002918.SZ	20201126	28.5772	28.725	27.7593	27.9268	28.6265	-0.6997	-2.4442	34674.52	98581.481	2.4941	2.7258	0.85	26.5908	22.6662	3.6044	3.025	2.5777	0.7196	1.235	40603.875	13902.7125	12720.7875	1150713.8175	394002.8723	0.0010599137745820686
002918.SZ	20201127	27.9564	28.3111	26.7739	27.0399	27.9268	-0.8869000000000007	-3.1758	67291.04	186077.839	4.8401	5.2898	1.81	25.7463	21.9464	3.4899	2.9289	2.4959	0.7432	1.2755	40603.875	13902.7125	12720.7875	1114170.33	381490.431	-0.006194549536055993
002918.SZ	20201130	26.8724	27.6903	26.1136	27.6706	27.0399	0.6307000000000009	2.3325	66110.5	181232.35600000003	4.7552	5.197	1.5	26.3468	22.4583	3.5713	2.9972	2.5541	0.7262	1.2464	40603.875	13902.7125	12720.7875	1140156.81	390388.167	-0.0014238939524260604
002918.SZ	20201201	27.6312	28.8728	27.1779	28.725	27.6706	1.0544000000000011	3.8105	62446.83	179385.638	4.4917	4.909	1.28	27.3508	23.3141	3.7074	3.1114	2.6514	0.6996	1.2007	40603.875	13902.7125	12720.7875	1183602.9563	405264.0694	0.0017162750217580083
002918.SZ	20201202	28.7743	28.9418	28.1239	28.2717	28.725	-0.4533000000000023	-1.5781	27425.37	79089.782	1.9727	2.1559	0.52	26.9192	22.9462	3.6489	3.0623	2.6095	0.7108	1.2199	40603.875	13902.7125	12720.7875	1164925.1738	398868.8216	0.002090429652267137
002918.SZ	20201203	28.3308	28.7053	27.8086	28.3308	28.2717	0.0591000000000008	0.209	24484.63	70132.616	1.7611	1.9248	0.47	26.9755	22.9941	3.6565	3.0687	2.615	0.7093	1.2174	40603.875	13902.7125	12720.7875	1167361.4063	399702.9844	0.0
002918.SZ	20201204	28.3308	28.4294	28.0155	28.3703	28.3308	0.0395000000000003	0.1394	14415.58	41273.866	1.0369	1.1332	0.29	27.013	23.0261	3.6616	3.073	2.6186	0.7083	1.2157	40603.875	13902.7125	12720.7875	1168985.5613	400259.0929	0.009724958847809153
002918.SZ	20201207	28.6462	29.5429	28.4589	29.3557	28.3703	0.9853999999999984	3.4734	40368.59	118850.955	2.9036	3.1734	1.04	27.9513	23.8259	3.7888	3.1797	2.7096	0.6846	1.1749	40603.875	13902.7125	12720.7875	1209589.4363	414161.8054	-0.002350480485902195
002918.SZ	20201208	29.2867	29.3261	28.7447	28.7841	29.3557	-0.5716000000000001	-1.9472	20709.2	60800.22900000001	1.4896	1.628	0.61	27.4071	23.3621	3.715	3.1178	2.6568	0.6981	1.1982	40603.875	13902.7125	12720.7875	1186039.1888	406098.2321	0.013010655188107364
002918.SZ	20201209	29.1586	29.1586	28.39	28.5772	28.7841	-0.2068999999999974	-0.7188	20434.38	59238.32700000001	1.4698	1.6064	0.8	27.21	23.1941	3.6883	3.0954	2.6377	0.7032	1.2069	40603.875	13902.7125	12720.7875	1177512.375	403178.6625	-0.01517293506711651
002918.SZ	20201210	28.1436	28.5772	27.5918	27.9367	28.5772	-0.640500000000003	-2.2413	18282.25	51955.693	1.315	1.4372	0.76	26.6002	22.6742	3.6056	3.026	2.5786	0.7193	1.2346	40603.875	13902.7125	12720.7875	1151119.8563	394141.8994	-0.004234573160036721
002918.SZ	20201211	27.8184	28.0352	26.8724	27.3848	27.9367	-0.5518999999999998	-1.9755	22586.38	62811.147	1.6246	1.7755	0.99	26.0747	22.2263	3.5344	2.9663	2.5277	0.7338	1.2594	40603.875	13902.7125	12720.7875	1128381.6863	386356.3804	0.0
002918.SZ	20201214	27.3848	27.5819	27.1089	27.237	27.3848	-0.1478000000000001	-0.5397	14434.74	40008.692	1.0383	1.1347	0.59	25.934	22.1064	3.5153	2.9502	2.514	0.7378	1.2663	40603.875	13902.7125	12720.7875	1122291.105	384270.9735	0.0
002918.SZ	20201215	27.237	28.3604	26.9808	28.2422	27.237	1.005200000000002	3.6906	24415.53	68573.719	1.7562	1.9193	1.27	26.891	22.9222	3.6451	3.0591	2.6068	0.7115	1.2212	40603.875	13902.7125	12720.7875	1163707.0575	398451.7403	0.002439611644985139
002918.SZ	20201216	28.3111	28.8728	28.1633	28.3407	28.2422	0.0984999999999978	0.3488	18965.4	54893.545	1.3635	1.4901	0.95	26.9895	23.0061	3.6584	3.0703	2.6164	0.7090000000000001	1.2168	40610.79	13909.6275	12727.7025	1167966.3204	400040.8869	0.0010444343294273631
002918.SZ	20201217	28.3703	28.6363	27.84800000000001	28.3703	28.3407	0.029600000000002	0.1044	14516.13	41788.391	1.0436	1.1405	0.74	27.0176	23.0301	3.6622	3.0735	2.6191	0.7082	1.2155	40610.79	13909.6275	12727.7025	1169184.6441	400458.1757	0.015629020489737522
002918.SZ	20201218	28.8137	28.8334	27.9859	28.0155	28.3703	-0.3548000000000009	-1.2506	18121.46	52208.487	1.3028	1.4238	0.95	26.6798	22.7421	3.6164	3.0351	2.5863	0.7172	1.2309	40610.79	13909.6275	12727.7025	1154564.7597	395450.7098	-0.015123770769752465
002918.SZ	20201221	27.5918	28.4589	27.4243	28.3801	28.0155	0.3645999999999993	1.3014	16355.31	46358.88400000001	0.7769	1.285	0.9	27.027	23.0381	3.6635	3.0746	2.62	0.708	1.2151	40610.79	21052.815	12727.7025	1169590.752	606321.072	-0.010764585043745391
002918.SZ	20201222	28.0746	29.4542	27.9958	28.7447	28.3801	0.3646000000000029	1.2847	46519.83	136548.88	2.2097	3.655	2.52	27.3742	23.334	3.7106	3.1141	2.6537	0.6990000000000001	1.1997	40610.79	21052.815	12727.7025	1184616.7443	614110.6136	0.02673884229092665
002918.SZ	20201223	29.5133	31.2378	29.5133	30.9422	28.7447	2.197499999999998	7.6449	78590.42	241728.584	3.733	6.1748	3.43	29.4669	25.1179	3.9942	3.3522	2.8565	0.6493	1.1145	40610.79	21052.815	12727.7025	1275178.806	661058.3910000001	-0.0006366709542308004
002918.SZ	20201224	30.9225	31.3955	30.3312	31.1984	30.9422	0.2561999999999997	0.828	35784.02	112307.014	1.6997	2.8115	1.03	29.7109	25.3259	4.0273	3.3799	2.8802	0.644	1.1053	40610.79	21052.815	12727.7025	1285737.6114	666532.1229	-0.01452959126109027
002918.SZ	20201225	30.7451	31.1787	30.2327	30.7648	31.1984	-0.4335999999999984	-1.3898	21437.94	66935.826	1.0183	1.6844	0.55	29.298	24.9739	3.9713	3.3329	2.8402	0.6531	1.1209	40610.79	21052.815	12727.7025	1267868.8638	657268.8843	0.007687356979405017
002918.SZ	20201228	31.0013	33.0313	30.7747	32.4203	30.7648	1.6554999999999964	5.3811	49941.37	163494.907	2.3722	3.9238	1.26	30.8746	26.3178	4.185	3.5123	2.9930000000000003	0.6197	1.0636	40610.79	21052.815	12727.7025	1336094.991	692637.6135	0.0
002918.SZ	20201229	32.4203	32.9328	31.4349	32.4992	32.4203	0.0789000000000044	0.2434	32575.46	106524.529	1.5473	2.5594	0.7	30.9497	26.3818	4.1952	3.5208	3.0003	0.6182	1.0611	40610.79	21052.815	12727.7025	1339343.8542	694321.8387	-0.008187893855848807
002918.SZ	20201230	32.2331	32.3218	31.0506	31.2871	32.4992	-1.212100000000003	-3.7296	26144.73	83864.178	1.2419	2.0542	0.6	29.7954	25.3979	4.0387	3.3895	2.8884	0.6422	1.1022	40610.79	21052.815	12727.7025	1289392.5825	668426.8763	-0.0037779148594787658
002918.SZ	20201231	31.1689	31.9473	30.1539	31.8291	31.2871	0.5420000000000016	1.7323	36669.32	115480.771	1.7418	2.8811	1.11	30.3115	25.8378	4.1087	3.4482	2.9384	0.6313	1.0834	40610.79	21052.815	12727.7025	1311728.517	680005.9245	0.014241684496262924
002918.SZ	20210104	32.2824	34.2335	31.9276	32.036	31.8291	0.2069000000000009	0.65	69781.31	233577.29	3.3146	5.4826	2.09	30.5086	26.0058	4.1354	3.4707	2.9575	1.0764	1.0764	40610.79	21052.815	12727.7025	1320256.7829	684427.0157	0.004922587089524235
002918.SZ	20210105	32.1937	33.2875	32.0262	33.0609	32.036	1.0248999999999953	3.1992	42043.96	139708.613	1.9971	3.3033	0.98	31.4846	26.8377	4.2677	3.5817	3.0521	1.043	1.043	40610.79	21052.815	12727.7025	1362492.0045	706321.9433	0.0002964226624201272
002918.SZ	20210106	33.0707	33.386	31.5335	32.3514	33.0609	-0.7094999999999985	-2.146	39072.37	128158.995	1.8559	3.0699	0.94	30.8089	26.2618	4.1761	3.5048	2.9866	1.0659	1.0659	40610.79	21052.815	12727.7025	1333252.2357	691163.9165	0.005177519365468078
002918.SZ	20210107	32.5189	32.8933	30.4495	31.0703	32.3514	-1.2810999999999986	-3.96	58382.43	185004.631	2.7731	4.587	1.37	29.5889	25.2219	4.0108	3.366	2.8684	1.1099	1.1099	40610.79	21052.815	12727.7025	1280458.2087	663795.257	-0.0003154137552581879
002918.SZ	20210108	31.0605	31.1689	29.8484	30.5875	31.0703	-0.482800000000001	-1.5539	39760.24	122292.157	1.8886	3.1239	0.81	29.1291	24.8299	3.9484	3.3137	2.8238	1.1274	1.1274	40610.79	21052.815	12727.7025	1260558.9216	653479.3776	0.006440539436044225
002918.SZ	20210111	30.7845	31.09	29.3163	29.5823	30.5875	-1.0051999999999983	-3.2863	45760.54	140320.97400000002	2.1736	3.5953	0.92	28.1719	24.014	3.8187	3.2048	2.7310000000000003	1.1657	1.1657	40610.79	21052.815	12727.7025	1219135.9158	632005.5063	-0.003995632523502285
002918.SZ	20210112	29.4641	30.1933	28.8728	30.0553	29.5823	0.472999999999999	1.5989	49741.62	148852.372	2.3627	3.9081	1.11	28.6223	24.3979	3.8797	3.2561	2.7747	1.1473	1.1473	40610.79	21052.815	12727.7025	1238629.095	642110.8575	0.00328061939158821
002918.SZ	20210113	30.1539	32.716	29.602	32.4598	30.0553	2.4045000000000023	8.0003	70176.61	222251.544	3.3334	5.5137	1.51	30.9121	26.3498	4.1901	3.5166	2.9966	1.0624	1.0624	40610.79	21052.815	12727.7025	1337719.4226	693479.7261	-0.0075909278553780764
002918.SZ	20210114	32.2134	34.0956	30.8141	33.6915	32.4598	1.2316999999999965	3.7945	81118.27	269084.17100000003	3.8531	6.3734	1.54	32.0852	27.3497	4.3491	3.65	3.1103	1.0235	1.0235	40610.79	21052.815	12727.7025	1388482.9101	719795.7449	-0.00965228618494265
002918.SZ	20210115	33.3663	34.7262	32.9623	33.8985	33.6915	0.2070000000000007	0.6144	80557.65	277455.721	3.8265	6.3293	1.41	32.2822	27.5177	4.3758	3.6724	3.1294	1.0173	1.0173	40610.79	21052.815	12727.7025	1397011.176	724216.8359999999	0.0002890983376845134
002918.SZ	20210118	33.9083	35.3963	33.0412	34.3419	33.8985	0.4434000000000039	1.308	61956.92	215003.656	2.9429	4.8679	0.95	32.7045	27.8777	4.4331	3.7205	3.1704	1.0041	1.0041	40610.79	21052.815	12727.7025	1415286.0315	733690.6028	0.0
002918.SZ	20210119	34.3419	34.3419	32.8244	33.0609	34.3419	-1.281000000000006	-3.7301	47249.42	159850.176	2.2443	3.7123	0.69	31.4846	26.8377	4.2677	3.5817	3.0521	1.043	1.043	40610.79	21052.815	12727.7025	1362492.0045	706321.9433	0.0008922927083051537
002918.SZ	20210120	33.0904	33.4747	32.5681	32.913000000000004	33.0609	-0.1478999999999999	-0.4474	29052.23	97158.891	1.38	2.2826	0.43	31.3438	26.7178	4.2486	3.5657	3.0385	1.0477	1.0477	40610.79	21052.815	12727.7025	1356400.386	703164.021	0.01047914198037236
002918.SZ	20210121	33.2579	33.2579	31.7305	32.0262	32.913000000000004	-0.8867999999999938	-2.6944	47617.36	155721.568	2.2618	3.7412	0.79	30.4992	25.9978	4.1341	3.4696	2.9566	1.0767	1.0767	40610.79	21052.815	12727.7025	1319850.675	684216.4875	-0.012308672274575235
002918.SZ	20210122	31.632	33.1397	31.3364	33.1003	32.0262	1.0740999999999945	3.3538	40683.86	133152.918	1.9325	3.1965	0.76	31.5221	26.8697	4.2728	3.5859	3.0558	1.0418	1.0418	40610.79	21052.815	12727.7025	1364116.4361	707164.0559	-0.011610166675226392
002918.SZ	20210125	32.716	32.8145	31.09	31.2083	33.1003	-1.891999999999996	-5.716	45672.99	146518.536	2.1694	3.5885	1.01	29.7203	25.3339	4.0286	3.381	2.8811	1.105	1.105	40610.79	21052.815	12727.7025	1286143.7193	666742.6511	-0.0028421926218346683
002918.SZ	20210126	31.1196	31.7404	30.6269	31.5137	31.2083	0.3053999999999988	0.9786	24136.62	76927.424	1.1465	1.8964	0.57	30.0112	25.5818	4.0680000000000005	3.4141	2.9093	1.0942	1.0942	40610.79	21052.815	12727.7025	1298733.0642	673269.0237	0.005318321872709335
002918.SZ	20210127	31.6813	33.3762	31.6419	32.2922	31.5137	0.7785000000000011	2.4704	52604.47	173229.61899999998	2.4987	4.1331	1.41	30.7526	26.2138	4.1685	3.4984	2.9812	1.0679	1.0679	40610.79	21052.815	12727.7025	1330815.5883	689900.7476	-0.02288478332228838
002918.SZ	20210128	31.5532	32.0951	30.3608	30.4298	32.2922	-1.862400000000001	-5.7673	42695.04	134447.177	2.028	3.3545	1.01	28.9789	24.7019	3.9281	3.2966	2.8092	1.1332	1.1332	40610.79	21052.815	12727.7025	1254061.1952	650110.9272	0.005504472589369645
002918.SZ	20210129	30.5973	31.8291	30.2228	31.0506	30.4298	0.6207999999999991	2.0401	34913.17	109425.508	1.6584	2.7431	0.85	29.5702	25.2059	4.0082	3.3639	2.8665	1.1106	1.1106	40610.79	21052.815	12727.7025	1279645.9929	663374.2007	0.0028566275691934884
002918.SZ	20210201	31.1393	32.5189	31.1393	32.2824	31.0506	1.2318000000000031	3.9671	48126.38	156696.386	2.286	3.7812	1.2	30.7432	26.2058	4.1672	3.4973	2.9802	1.0682	1.0682	40610.79	21052.815	12727.7025	1330409.4804	689690.2194	0.004578346095705294
002918.SZ	20210202	32.4302	34.6671	32.4302	34.6375	32.2824	2.3551	7.2953	75775.0	259541.866	3.5993	5.9535	1.87	32.9861	28.1176	4.4712	3.7525	3.1977	0.9956	0.9956	40610.79	21052.815	12727.7025	1427469.2685	740006.4473	-0.004267051605918548
002918.SZ	20210203	34.4897	35.6525	33.8788	35.6032	34.6375	0.9656999999999982	2.7880000000000003	78939.71	279130.704	3.7496	6.2022	1.55	33.9057	28.9016	4.5959	3.8571	3.2868	0.9686	0.9686	40610.79	21052.815	12727.7025	1467267.8427	760638.2059999999	0.0005561297860869444
002918.SZ	20210204	35.62300000000001	36.4507	33.5536	35.012	35.6032	-0.5912000000000006	-1.6605	76886.95	270810.91	3.6521	6.0409	1.37	33.3427	28.4216	4.5196	3.7931	3.2322	0.9849	0.9849	40610.79	21052.815	12727.7025	1442901.3687	748006.517	-0.0008454244259111753
002918.SZ	20210205	34.9824	35.3667	33.7309	34.135	35.012	-0.8770000000000024	-2.5049	61252.01	215252.485	2.9094	4.8125	0.97	32.5075	27.7097	4.4064	3.698	3.1513	1.0102	1.0102	40610.79	21052.815	12727.7025	1406757.7656	729269.5116	0.006061227479127128
002918.SZ	20210208	34.3419	35.012	33.3269	34.0956	34.135	-0.0394000000000005	-0.1154	45404.39	157239.738	2.1567	3.5674	0.67	32.4699	27.6777	4.4013	3.6938	3.1476	1.0114	1.0114	40610.79	21052.815	12727.7025	1405133.334	728427.3990000002	0.0005777871631530249
002918.SZ	20210209	34.1153	35.9383	33.9379	35.5343	34.0956	1.4387000000000043	4.2196	54179.7	194506.035	2.5735	4.2568	0.8	33.84	28.8456	4.587	3.8496	3.2805	0.9704	0.9704	40610.79	21052.815	12727.7025	1464425.0874	759164.5089	-0.00748853924236587
002918.SZ	20210210	35.2682	35.958	34.7853	35.1894	35.5343	-0.3449000000000026	-0.9706	41839.19	149786.665	1.9873	3.2873	0.66	33.5116	28.5656	4.5425	3.8123	3.2486	0.98	0.98	40610.79	21052.815	12727.7025	1450211.3109	751796.0237	0.010920902317175149
002918.SZ	20210218	35.5737	37.1306	34.9923	37.1011	35.1894	1.9117000000000035	5.4326	62559.57	230719.975	2.9716	4.9152	1.12	35.3322	30.1175	4.7893	4.0194	3.4251	0.9295	0.9295	40610.79	21052.815	12727.7025	1528996.2435	792638.4848	-0.012484805032734891
002918.SZ	20210219	36.6379	37.1504	35.7708	36.766	37.1011	-0.3351000000000042	-0.9032	46091.58	171078.50600000002	2.1893	3.6214	0.87	35.0131	29.8455	4.746	3.9831	3.3942	0.9379	0.9379	40610.79	21052.815	12727.7025	1515188.5749	785480.5277	0.003753467877930839
002918.SZ	20210222	36.904	37.0518	34.4799	34.4996	36.766	-2.2663999999999973	-6.1644	61694.5	222534.519	2.9305	4.8473	1.23	32.8547	28.0056	4.4534	3.7375	3.1849	0.9995	0.9995	40610.79	21052.815	12727.7025	1421783.7579	737059.0532	-0.00028695984880989335
002918.SZ	20210223	34.4897	35.5441	33.6423	35.1401	34.4996	0.6404999999999959	1.8565	46279.46	164358.935	2.1983	3.6361	0.87	33.4647	28.5256	4.5361	3.8069	3.2441	0.9813	0.9813	40610.79	21052.815	12727.7025	1448180.7714	750743.3829	0.006730202816725241
002918.SZ	20210224	35.3766	35.4751	34.4996	35.416	35.1401	0.2759	0.7851	30849.97	109742.398	1.4654	2.4238	0.6	33.7274	28.7496	4.5717	3.8368	3.2695	0.9683	0.9683	40610.79	21052.815	12727.7025	1459551.7926	756638.1711	0.006121526993449467
002918.SZ	20210225	35.6328	37.239	35.081	36.4014	35.416	0.9854000000000056	2.7824	48456.72	178154.818	2.3017	3.8072	0.98	34.6659	29.5495	4.6989	3.9436	3.3605	0.9421	0.9421	40610.79	21052.815	12727.7025	1500162.5826	777690.9861	-0.049808523847984024
002918.SZ	20210226	34.5883	36.2635	34.4897	36.0368	36.4014	-0.3646000000000029	-1.0016	33580.44	121114.883	1.5781	2.5923	0.72	34.5099	29.4166	4.6445	3.9258	3.3454	0.9516	0.9516	40837.1498	21279.1748	12954.0623	1493414.5682	778179.4224	0.009024108688895862
002918.SZ	20210301	36.362	38.4413	36.1748	38.4314	36.0368	2.394599999999997	6.6449	64922.03	249572.056	3.051	5.0117	1.47	36.803	31.3713	4.9532	4.1867	3.5677	0.8923	0.8923	40837.1498	21279.1748	12954.0623	1592648.8422	829887.8172	0.007436627341184601
002918.SZ	20210302	38.7172	39.5843	37.7515	38.185	38.4314	-0.2463999999999941	-0.6411	53202.08	208583.911	2.5002	4.107	1.19	36.5671	31.1702	4.9214	4.1599	3.5448	0.8981	0.8981	40837.1498	21279.1748	12954.0623	1582439.5548	824568.0235	-0.0051590938850334615
002918.SZ	20210303	37.988	39.5745	37.8401	38.9438	38.185	0.7588000000000008	1.9872	34801.58	137451.168	1.6355	2.6865	0.75	37.2938	31.7895	5.0192	4.2425	3.6153	0.8806	0.8806	40837.1498	21279.1748	12954.0623	1613884.1601	840952.9881	-0.01315742172053078
002918.SZ	20210304	38.4314	39.2887	37.9485	39.1902	38.9438	0.2463999999999941	0.6327	35601.16	139607.19400000002	1.6731	2.7483	0.76	37.5297	31.9906	5.051	4.2694	3.6381	0.875	0.875	40837.1498	21279.1748	12954.0623	1624093.4475	846272.7818	-0.019109369179029428
002918.SZ	20210305	38.4413	39.4168	37.446	38.8748	39.1902	-0.3153999999999968	-0.8048	41204.86	160577.853	1.9364	3.1808	0.93	37.2277	31.7332	5.0103	4.235	3.6089	0.8821	0.8821	40837.1498	21279.1748	12954.0623	1611025.5596	839463.4459	0.005070122547254235
002918.SZ	20210308	39.0719	39.7617	37.4164	37.6431	38.8748	-1.2317000000000036	-3.1684	48997.75	191036.471	2.3026	3.7824	1.07	36.0481	30.7278	4.8516	4.1008	3.4945	0.911	0.911	40837.1498	21279.1748	12954.0623	1559979.1224	812864.4774	0.007589704354848715
002918.SZ	20210309	37.9288	37.9288	34.2828	35.5047	37.6431	-2.1383999999999967	-5.6807	63260.87	231676.282	2.9729	4.8835	1.48	34.0004	28.9822	4.5760000000000005	3.8679	3.2960000000000003	0.9659	0.9659	40837.1498	21279.1748	12954.0623	1471362.5073	766688.668	0.011378775204409655
002918.SZ	20210310	35.9087	36.6971	34.3222	35.2485	35.5047	-0.2561999999999997	-0.7216	37192.53	133510.074	1.7478	2.8711	0.83	33.755	28.7731	4.5429	3.84	3.2722	0.9729	0.9729	40837.1498	21279.1748	12954.0623	1460744.8483	761156.0826	0.00027802601529138763
002918.SZ	20210311	35.2583	36.5887	35.1795	36.1354	35.2485	0.8868999999999971	2.5161	28132.25	102491.245	1.3221	2.1717	0.62	34.6043	29.497	4.6572	3.9366	3.3545	0.949	0.949	40837.1498	21279.1748	12954.0623	1497498.2832	780307.3399	-0.0032737979931036563
002918.SZ	20210312	36.0171	36.2241	34.874	35.485	36.1354	-0.6503999999999976	-1.7999	25594.32	92179.686	1.2028	1.9758	0.58	33.9815	28.9661	4.5734	3.8657	3.2942	0.9664	0.9664	40837.1498	21279.1748	12954.0623	1470545.7643	766263.0845	0.0022206566154713567
002918.SZ	20210315	35.5638	36.3029	34.8445	35.6525	35.485	0.1675000000000039	0.472	18565.19	66950.746	0.8725	1.4332	0.46	34.1419	29.1029	4.595	3.884	3.3097	0.9619	0.9619	40837.1498	21279.1748	12954.0623	1477488.0798	769880.5443	-0.005803239604515939
002918.SZ	20210316	35.4456	36.2339	34.0758	36.2241	35.6525	0.5715999999999966	1.6033	29857.68	106973.757	1.4031	2.3049	0.86	34.6892	29.5694	4.6687	3.9462	3.3628	0.9467	0.9467	40837.1498	21279.1748	12954.0623	1501173.6266	782222.4656	0.0019020486361289665
002918.SZ	20210317	36.293	38.2343	36.293	37.6135	36.2241	1.3894000000000022	3.8356	38242.15	145307.962	1.7972	2.9521	1.37	36.0198	30.7036	4.8477	4.0976	3.4918	0.9117	0.9117	40837.1498	21279.1748	12954.0623	1558754.0079	812226.1021	0.004716391721057564
002918.SZ	20210318	37.7909	38.5989	37.1996	38.3132	37.6135	0.6997	1.8602	31924.23	122959.021	1.5003	2.4644	1.14	36.6898	31.2747	4.9379	4.1738	3.5567	0.8951	0.8951	40837.1498	21279.1748	12954.0623	1587748.3842	827334.3162	-0.022634496726976705
002918.SZ	20210319	37.446	38.0274	36.973	37.3474	38.3132	-0.9658000000000015	-2.5208	24241.94	92007.746	1.1392	1.8714	0.84	35.765	30.4864	4.8135	4.0686	3.4671	0.9182	0.9182	40837.1498	21279.1748	12954.0623	1547727.9774	806480.7249	0.0015851170362594727
002918.SZ	20210322	37.4066	40.5303	37.1701	40.2347	37.3474	2.887299999999996	7.7309	69806.03	276695.811	3.2805	5.3887	2.44	38.53	32.8433	5.1856	4.3832	3.7351	0.8523	0.8523	40837.1498	21279.1748	12954.0623	1667380.8263	868828.7071	-0.004409129433051537
002918.SZ	20210323	40.0573	40.4417	39.1409	39.9884	40.2347	-0.246299999999998	-0.6122	39700.82	159805.769	1.8657	3.0647	1.02	38.294	32.6422	5.1538	4.3563	3.7122	0.8576	0.8576	40837.1498	21279.1748	12954.0623	1657171.5389	863508.9134	-0.001725500395114471
002918.SZ	20210324	39.9194	40.2446	38.2343	38.5299	39.9884	-1.4585000000000008	-3.6473	26612.56	104759.994	1.2506	2.0544	0.65	36.8974	31.4517	4.9659	4.1974	3.5768	0.89	0.89	40837.1498	21279.1748	12954.0623	1596732.5572	832015.7347	-0.006903729311521656
002918.SZ	20210325	38.2639	39.3774	37.6529	39.2986	38.5299	0.7687000000000026	1.9951	22781.29	89473.939	1.0706	1.7586	0.59	37.6335	32.0791	5.0649	4.2812	3.6482	0.8726	0.8726	40837.1498	21279.1748	12954.0623	1628585.534	848613.4909999998	-0.00025191737110232416
002918.SZ	20210326	39.2887	39.7124	38.2442	39.7124	39.2986	0.4138000000000019	1.053	29955.8	118576.874	1.4078	2.3125	0.82	38.0298	32.417	5.1183	4.3263	3.6866	0.8635	0.8635	40837.1498	21279.1748	12954.0623	1645737.1369	857550.7444	0.002482851703749901
002918.SZ	20210329	39.811	40.7767	39.2197	39.5154	39.7124	-0.1970000000000028	-0.4961	30466.56	123206.753	1.4318	2.3519	0.81	37.8411	32.2561	5.0929	4.3048	3.6683	0.8678	0.8678	40837.1498	21279.1748	12954.0623	1637569.707	853294.9095	-0.004987928756889692
002918.SZ	20210330	39.3183	40.2643	38.7664	38.8059	39.5154	-0.7094999999999985	-1.7955	22485.93	89836.46800000002	1.0567	1.7358	0.75	37.1616	31.6769	5.0014	4.2275	3.6025	0.8837	0.8837	40837.1498	21279.1748	12954.0623	1608166.9591	837973.9036	-0.0002551158457863829
002918.SZ	20210331	38.796	38.9241	38.0175	38.5102	38.8059	-0.2957000000000036	-0.762	18972.89	73891.058	0.8916	1.4646	0.72	36.8785	31.4356	4.9633	4.1953	3.575	0.8895	0.8895	40837.1498	21279.1748	12954.0623	1595915.8142	831590.1512	0.0005115527834184261
002918.SZ	20210401	38.5299	39.7617	37.8106	38.4117	38.5102	-0.0984999999999942	-0.2558	27405.53	107415.136	1.2879	2.1156	1.1	36.7842	31.3552	4.9506	4.1846	3.5659	0.8918	0.8918	40837.1498	21279.1748	12954.0623	1591832.0992	829462.2337	0.031555489603428105
002918.SZ	20210402	39.6238	40.2446	38.4413	39.4365	38.4117	1.024799999999999	2.6679	39811.25	159270.00400000002	1.8669	3.0733	1.54	28.8865	28.8865	5.0811	3.3639	3.3639	0.8686	0.8686	40883.2398	21325.2649	12954.0624	1636147.2568	853437.1013	0.0
002918.SZ	20210406	39.4365	41.2399	39.4365	40.688	39.4365	1.2515	3.1735	41870.49	172473.784	1.9634	3.2208	1.5	29.8032	29.8032	5.2423	3.4706	3.4706	0.8419	0.8419	40883.2398	21325.2649	13000.1524	1688068.9713	880520.1877	-0.008476700747149101
002918.SZ	20210407	40.3431	41.3482	40.0376	41.2399	40.688	0.5518999999999963	1.3564	29487.03	121891.759	1.3827	2.2682	0.98	30.2074	30.2074	5.3134	3.5177	3.5177	0.8306	0.8306	40883.2398	21325.2649	13000.1524	1710963.5856	892462.3361	-0.01433805610585857
002918.SZ	20210408	40.6486	43.595	40.6289	42.4026	41.2399	1.162700000000001	2.8194	45074.58	194862.837	2.1137	3.4672	1.43	31.0592	31.0592	5.4632	3.6169	3.6169	0.8078	0.8078	40883.2398	21325.2649	13000.1524	1759205.8086	917626.1486	0.008600887681415741
002918.SZ	20210409	42.7673	42.787	41.4862	42.3337	42.4026	-0.0688999999999993	-0.1625	27296.66	116609.196	1.28	2.0997	0.74	31.0086	31.0086	5.4544	3.611	3.611	0.8091	0.8091	40883.2398	21325.2649	13000.1524	1756343.9818	916133.3801	0.038406753957249226
002918.SZ	20210412	43.9596	43.9596	39.4759	40.5993	42.3337	-1.7344000000000008	-4.097	59481.37	247618.88600000003	2.7892	4.5754	1.62	29.7383	29.7383	5.2309	3.4631	3.4631	0.8437	0.8437	40883.2398	21325.2649	13000.1524	1684389.4798	878600.9139	0.010438603621244701
002918.SZ	20210413	41.0231	41.0231	38.4511	38.6285	40.5993	-1.9707999999999968	-4.8543	50322.91	202033.98	2.3598	3.8709	1.24	28.2947	28.2947	4.977	3.295	3.295	0.8868	0.8868	40883.2398	21325.2649	13000.1524	1602623.0002	835950.3841	-0.005868723869681737
002918.SZ	20210414	38.4018	39.6238	38.2442	39.2296	38.6285	0.6010999999999953	1.5561	29521.92	116470.695	1.3844	2.2709	0.7	28.735	28.735	5.0544	3.3462	3.3462	0.8732	0.8732	40883.2398	21325.2649	13000.1524	1627561.7764	848958.7957	-0.018338193608907566
002918.SZ	20210415	38.5102	38.5102	36.6379	37.6628	39.2296	-1.5668000000000006	-3.9939	55307.01	209534.758	2.5935	4.2543	1.31	27.5873	27.5873	4.8526	3.2126	3.2126	0.9095	0.9095	40883.2398	21325.2649	13000.1524	1562557.4252	815051.6245	-0.0007859213866200857
002918.SZ	20210416	37.6332	37.6332	36.431	36.7857	37.6628	-0.8770999999999987	-2.3288	40876.15	153061.74599999998	1.9168	3.1443	0.92	26.9449	26.9449	4.7396	3.1378	3.1378	0.9312	0.9312	40883.2398	21325.2649	13000.1524	1526171.3417	796072.1387	-0.03026991466792808
002918.SZ	20210419	35.6722	35.6722	33.7014	34.4109	36.7857	-2.3748000000000005	-6.4558	101133.77	353084.055	4.7424	7.7794	2.15	25.2053	24.8762	4.0488	2.9352	2.6557	0.9954	0.9954	40883.2398	21325.2649	13000.1524	1427642.7338	744678.2503	0.003150164628068524
002918.SZ	20210420	34.5193	34.5193	33.5339	33.8985	34.4109	-0.5123999999999995	-1.4891	53846.32	185386.207	2.525	4.142	0.97	24.83	24.5057	3.9885	2.8915	2.6162	1.0105	1.0105	40883.2398	21325.2649	13000.1524	1406383.4491	733589.1126	-0.005814416567104708
002918.SZ	20210421	33.7014	35.5835	33.455	35.2091	33.8985	1.3106000000000009	3.8662	56570.81	199509.398	2.6528	4.3515	1.01	25.79	25.4532	4.1427	3.0033	2.7173	0.9729	0.9729	40883.2398	21325.2649	13000.1524	1460758.1581	761951.7149	-0.00587916192120789
002918.SZ	20210422	35.0021	36.6084	34.5094	36.2536	35.2091	1.0444999999999989	2.9666	45587.35	165919.449	2.1377	3.5067	0.74	26.5551	26.2083	4.2656	3.0924	2.7979	0.9448	0.9448	40883.2398	21325.2649	13000.1524	1504094.3922	784556.4957	-0.01087064457047029
002918.SZ	20210423	35.8595	36.6379	35.3569	36.0171	36.2536	-0.2364999999999995	-0.6523	36590.03	133071.875	1.7158	2.8146	0.61	26.3819	26.0374	4.2378	3.0722	2.7797	0.951	0.951	40883.2398	21325.2649	13000.1524	1494282.4147	779438.4321	-0.013951706272853664
002918.SZ	20210426	35.5146	36.0565	34.4799	34.7952	36.0171	-1.221899999999998	-3.3926	55865.78	198699.298	2.6197	4.2973	0.95	25.4868	25.154	4.093999999999999	2.968	2.6854	0.9844	0.9844	40883.2398	21325.2649	13000.1524	1443587.1973	752995.1036	0.013878351036924655
002918.SZ	20210427	35.2781	35.2781	34.2926	34.8149	34.7952	0.0197000000000002	0.0566	31105.75	109301.663	1.4586	2.3927	0.63	25.5013	25.1683	4.0963	2.9697	2.6869	0.9839	0.9839	40883.2398	21325.2649	13000.1524	1444404.8621	753421.6089	0.01471783632869833
002918.SZ	20210428	35.3273	35.3273	34.1054	34.3518	34.8149	-0.4631000000000043	-1.3302	25421.47	89186.26400000002	1.1921	1.9555	0.56	25.162	24.8334	4.0418	2.9302	2.6512	0.9972	0.9972	40883.2398	21325.2649	13000.1524	1425189.7394	743398.7344	-0.0005734779545758963
002918.SZ	20210429	34.3321	34.943000000000005	33.9379	34.4897	34.3518	0.1379000000000019	0.4014	23865.53	83207.954	1.1158	1.8358	0.61	25.3026	24.9722	4.1149	2.9465	2.6660000000000004	0.9916	0.9916	40947.23	21389.2551	13000.1524	1433153.05	748623.9285	-0.007428304682267453
002918.SZ	20210430	34.2335	34.4207	33.6521	33.9182	34.4897	-0.5715000000000003	-1.6569999999999998	22007.81	75842.93	1.0289	1.6846	0.64	24.8833	24.5584	4.0467	2.8977	2.6218	1.0083	1.0083	40947.23	21389.2551	13064.1426	1409403.6566	736218.1605	-0.00464942125466559
002918.SZ	20210506	33.7605	33.8295	32.6273	33.189	33.9182	-0.7291999999999987	-2.1499	37114.98	125084.759	1.7352	2.841	1.17	24.3484	24.0304	3.9597	2.8354	2.5654	1.0305	1.0305	40947.23	21389.2551	13064.1426	1379102.7064	720390.1118	0.0005935701587875583
002918.SZ	20210507	33.2087	33.524	31.7601	32.5484	33.189	-0.6405999999999992	-1.9302	52588.85	173224.47699999998	2.4587	4.0254	1.88	23.8785	23.5666	3.8833	2.7807	2.5159	1.0508	1.0508	40947.23	21389.2551	13064.1426	1352487.0069	706487.0959999998	0.00363458726081767
002918.SZ	20210510	32.6667	32.6667	31.2378	31.9276	32.5484	-0.6207999999999991	-1.9073	31330.93	101033.206	1.4648	2.3982	0.97	23.423	23.1171	3.8092	2.7277	2.4679	1.0712	1.0712	40947.23	21389.2551	13064.1426	1326690.252	693011.8652	0.005399716859394369
002918.SZ	20210511	32.1	32.26	31.56	32.02	31.93	0.0900000000000034	0.2819	24054.29	76848.417	1.1246	1.8412	0.72	23.1483	22.846	3.9847	2.6957	2.439	1.0839	2.5517	40947.23	21389.2551	13064.1426	1311130.3046	684883.9483	0.010618363522798135
002918.SZ	20210512	32.36	32.36	31.07	31.43	32.02	-0.5900000000000034	-1.8426	22871.68	72037.296	1.0693	1.7507	0.68	22.7218	22.425	3.9113	2.6460000000000004	2.394	1.1042	2.5996	40947.23	21389.2551	13064.1426	1286971.4389	672264.2878	-0.012726694241170811
002918.SZ	20210513	31.03	31.4	30.36	31.14	31.43	-0.2899999999999991	-0.9227	34526.0	106632.619	1.6142	2.6428	1.03	22.5121	22.2181	3.8752	2.6216	2.372	1.1145	2.6238	40947.23	21389.2551	13064.1426	1275096.7422	666061.4038	0.008349389852279962
002918.SZ	20210514	31.4	31.4	30.66	31.1	31.14	-0.0399999999999991	-0.1285	18092.5	56099.27099999999	0.8459	1.3849	0.55	22.4832	22.1896	3.8702	2.6182	2.3689	1.116	2.6272	40947.23	21389.2551	13064.1426	1273458.853	665205.8336	-0.0038585209003215754
002918.SZ	20210517	30.98	31.85	30.83	31.49	31.1	0.389999999999997	1.254	40935.75	128728.554	1.9138	3.1334	1.56	22.7651	22.4678	3.9187	2.651	2.3986	1.1021	2.5947	40947.23	21389.2551	13064.1426	1289428.2727	673547.6431	0.0003175611305176743
002918.SZ	20210518	31.5	31.52	30.85	31.13	31.49	-0.3599999999999994	-1.1432	20293.06	63011.265	0.9488	1.5533	0.72	22.5049	22.211	3.8739	2.6207	2.3712	1.1149	2.6247	40947.23	21389.2551	13064.1426	1274687.2699	665847.5113	0.005460970125281134
002918.SZ	20210519	31.3	33.91	31.28	33.79	31.13	2.66	8.5448	69204.45	226780.723	3.2355	5.2973	2.53	24.4279	24.1089	4.205	2.8447	2.5738	1.0271	2.4181	40947.23	21389.2551	13064.1426	1383606.9017	722742.9298	-0.008582420834566415
002918.SZ	20210520	33.5	34.58	32.66	33.76	33.79	-0.0300000000000011	-0.0888	50609.44	171186.543	2.3661	3.8739	1.38	24.4062	24.0875	4.2012	2.8421	2.5715	1.028	2.4202	40947.23	21389.2551	13064.1426	1382378.4848	722101.2522	0.0
002918.SZ	20210521	33.76	33.8	32.23	32.8	33.76	-0.9600000000000009	-2.8436	41518.8	136405.576	1.9411	3.1291	1.04	23.7122	23.4025	4.0818	2.7613	2.4984	1.0581	2.4911	40947.23	21389.2551	13268.5616	1343069.144	701567.5673	0.000609756097561071
002918.SZ	20210524	32.82	32.85	32.13	32.23	32.8	-0.5700000000000003	-1.7378	24667.78	79886.375	1.1533	1.8591	0.55	23.3001	22.9958	4.0108	2.7133	2.455	1.0768	2.5351	40947.23	21389.2551	13268.5616	1319729.2229	689375.6919	-0.00031026993484325197
002918.SZ	20210525	32.22	32.68	31.75	32.22	32.23	-0.009999999999998	-0.031	46571.6	149367.049	2.1773	3.5099	1.13	23.2929	22.9887	4.0096	2.7125	2.4542	1.0772	2.5359	40947.23	21389.2551	13268.5616	1319319.7506	689161.7993	0.0
002918.SZ	20210526	32.22	32.28	31.4	31.85	32.22	-0.3699999999999974	-1.1484	24953.05	79263.075	1.1666	1.8806	0.54	23.0254	22.7247	3.9635	2.6814	2.426	1.0897	2.5654	40947.23	21389.2551	13268.5616	1304169.2755	681247.7749	0.0003139717425431086
002918.SZ	20210527	31.86	32.47	31.7	32.39	31.85	0.5399999999999991	1.6954	27381.11	87836.42	1.2801	2.0323	0.73	23.4158	23.11	4.0307	2.7268	2.4672	1.0715	2.5226	40947.23	21389.2551	13472.9527	1326280.7797	692797.9727	0.0033961099104661756
002918.SZ	20210528	32.5	32.75	31.18	31.27	32.39	-1.120000000000001	-3.4579	36591.0	115502.597	1.7107	2.7159	1.11	22.6061	22.3109	3.8914	2.6325	2.3819	1.1099	2.6129	40947.23	21389.2551	13472.9527	1280419.8821	668842.007	-0.00031979533098810395
002918.SZ	20210531	31.26	32.5	30.8	32.28	31.27	1.0100000000000016	3.2299	29420.66	93539.993	1.3755	2.1837	0.92	23.3363	23.0315	4.0171	2.7176	2.4588	1.0752	2.5312	40947.23	21389.2551	13472.9527	1321776.5844	690445.1546	-0.003097893432465967
002918.SZ	20210601	32.18	32.18	31.46	31.95	32.28	-0.3300000000000018	-1.0223	24875.05	79219.564	1.163	1.8463	0.75	23.0977	22.796	3.976	2.6898	2.4337	1.0863	2.5573	40947.23	21389.2551	13472.9527	1308263.9985	683386.7004	0.0
002918.SZ	20210602	31.95	32.73	31.55	32.56	31.95	0.6100000000000029	1.9092	31508.73	102019.391	1.4731	2.3387	1.1	23.5387	23.2313	4.0519	2.7411	2.4801	1.0659	2.5094	40947.23	21389.2551	13472.9527	1333241.8088	696434.1461	-0.0003071253071254642
002918.SZ	20210603	32.55	32.58	32.19	32.48	32.56	-0.0800000000000054	-0.2457	18478.8	59801.569	0.8639	1.3715	0.62	23.4808	23.1742	4.0419	2.7344	2.474	1.0686	2.5156	40947.23	21389.2551	13472.9527	1329966.0304	694723.0056	-0.004618226600985179
002918.SZ	20210604	32.33	32.4	31.67	31.89	32.48	-0.5899999999999963	-1.8165	18039.19	57656.321	0.8434	1.3389	0.64	23.0543	22.7532	3.9685	2.6847	2.4291	1.0883	2.5621	40947.23	21389.2551	13472.9527	1305807.1647	682103.3451	0.0
002918.SZ	20210607	31.89	32.12	31.61	31.74	31.89	-0.1500000000000021	-0.4704	10958.04	34895.264	0.5123	0.8133	0.45	22.9459	22.6462	3.9499	2.6721	2.4177	1.0935	2.5742	40947.23	21389.2551	13472.9527	1299665.0802	678894.9569	0.0015752993068683275
002918.SZ	20210608	31.79	31.9	31.2	31.4	31.74	-0.3399999999999998	-1.0712	15604.31	49064.515	0.7295	1.1582	0.75	22.7001	22.4036	3.9075	2.6435	2.3918	1.1053	2.6021	40947.23	21389.2551	13472.9527	1285743.022	671622.6101	-0.0003184713375795545
002918.SZ	20210609	31.39	31.7	30.68	30.75	31.4	-0.6499999999999986	-2.0701	19538.19	60680.172	0.9135	1.4502	1.03	22.2302	21.9399	3.8267	2.5887	2.3423	1.1287	2.6571	40947.23	21389.2551	13472.9527	1259127.3225	657719.5943	-0.005853658536585356
002918.SZ	20210610	30.57	30.82	29.68	30.2	30.75	-0.5500000000000007	-1.7886	43787.55	131411.288	2.0472	3.25	2.65	21.8326	21.5474	3.7582	2.5424	2.3004	1.1492	2.7055	40947.23	21389.2551	13472.9527	1236606.346	645955.504	-0.007947019867549617
002918.SZ	20210611	29.96	30.06	29.2	29.55	30.2	-0.6499999999999986	-2.1523	29811.92	88253.26400000002	1.3938	2.2127	1.38	21.3626	21.0837	3.6773	2.4877	2.2508	1.1745	2.765	40947.23	21389.2551	13472.9527	1209990.6465	632052.4882	0.0010152284263958574
002918.SZ	20210615	29.58	29.7	28.63	28.79	29.55	-0.7600000000000016	-2.5719	35066.43	101912.135	1.6394	2.6027	1.46	20.8132	20.5414	3.5827	2.4237	2.193	1.2055	2.838	40947.23	21389.2551	13472.9527	1178870.7517	615796.6543	-0.0013893713094824296
002918.SZ	20210616	28.75	29.19	28.52	28.6	28.79	-0.1899999999999977	-0.66	15740.48	45366.698	0.7359	1.1683	0.55	20.6759	20.4059	3.5591	2.4077	2.1785	1.2135	2.8569	40947.23	21389.2551	13472.9527	1171090.778	611732.6959	0.005594405594405599
002918.SZ	20210617	28.76	29.08	28.6	28.63	28.6	0.0299999999999975	0.1049	12643.04	36351.293	0.5911	0.9384	0.44	20.6975	20.4273	3.5628	2.4103	2.1808	1.2122	2.8539	40947.23	21389.2551	13472.9527	1172319.1949	612374.3735	0.005239259517988199
002918.SZ	20210618	28.78	28.8	27.91	28.72	28.63	0.0899999999999998	0.3144	29815.19	84327.138	1.3939	2.213	1.09	20.7626	20.4915	3.574	2.4178	2.1876	1.2084	2.8449	40947.23	21389.2551	13472.9527	1176004.4456	614299.4065	0.0010445682451253877
002918.SZ	20210621	28.75	28.76	28.0	28.13	28.72	-0.5899999999999999	-2.0543	20348.33	57401.602	0.9513	1.5103	0.83	20.3361	20.0705	3.5006	2.3682	2.1427	1.2338	2.9046	40947.23	21389.2551	13472.9527	1151845.5799	601679.746	-0.00035549235691425564
002918.SZ	20210622	28.12	28.43	27.93	28.33	28.13	0.1999999999999993	0.711	14290.81	40313.078	0.6681	1.0607	0.63	20.4807	20.2132	3.5255	2.385	2.1579	1.2243	2.8823	40947.23	21389.2551	13472.9527	1160035.0259	605957.5970000001	0.04024002823861633
002918.SZ	20210623	29.47	31.16	29.03	31.16	28.33	2.830000000000002	9.9894	82395.2	251484.625	3.8475	6.1037	4.44	22.541	22.2466	3.6182	2.6249	2.375	1.1131	2.6205	40973.489	21415.5141	13499.2117	1276733.9172	667307.4194	0.019255455712451908
002918.SZ	20210624	31.76	32.4	30.88	31.48	31.16	0.3200000000000003	1.027	60103.47	189880.705	2.8065	4.4524	1.88	22.7725	22.4751	3.6554	2.6519	2.3994	1.1018	2.5938	40973.489	21415.5141	13499.2117	1289845.4337	674160.3839	0.0038119440914866896
002918.SZ	20210625	31.6	31.85	31.07	31.58	31.48	0.0999999999999978	0.3177	37856.49	118975.557	1.7677	2.8043	0.91	22.8448	22.5465	3.667	2.6603	2.407	1.0983	2.5856	40973.489	21415.5141	13499.2117	1293942.7826	676301.9353	-0.00031665611146288825
002918.SZ	20210628	31.57	32.52	31.1	32.41	31.58	0.8299999999999983	2.6282	37726.51	120896.276	1.7616	2.7947	0.88	23.4453	23.1391	3.7633	2.7302	2.4703	1.0702	2.5194	40973.489	21415.5141	13499.2117	1327950.7785	694076.812	0.0003085467448319999
002918.SZ	20210629	32.42	32.88	31.75	32.28	32.41	-0.1299999999999954	-0.4011	28108.75	90504.804	1.3125	2.0823	0.6	23.3512	23.0463	3.7483	2.7193	2.4604	1.0745	2.5296	40973.489	21415.5141	13499.2117	1322624.2249	691292.7951	-0.007744733581164807
002918.SZ	20210630	32.03	32.27	31.28	31.39	32.28	-0.8900000000000006	-2.7571	24976.96	78769.912	1.1663	1.8503	0.51	22.7074	22.4109	3.6449	2.6443	2.3925	1.1049	1.4963	40973.489	21415.5141	13499.2117	1286157.8197	672232.9876	0.010194329404268884
002918.SZ	20210701	31.71	31.78	30.7	30.78	31.39	-0.6099999999999994	-1.9433	18623.2	57876.264	0.8696	1.3796	0.49	22.2661	21.9753	3.5741	2.5929	2.346	1.1268	1.526	40973.489	21415.5141	13499.2117	1261163.9914	659169.524	-0.0038986354775828783
002918.SZ	20210702	30.66	30.72	29.6	29.72	30.78	-1.0600000000000025	-3.4438	22168.71	66493.825	1.0352	1.6422	0.75	21.4993	21.2186	3.451	2.5036	2.2652	1.167	1.5804	40973.489	21415.5141	13499.2117	1217732.0931	636469.0791	-0.007402422611036301
002918.SZ	20210705	29.5	30.42	29.0	29.8	29.72	0.0800000000000018	0.2692	23954.61	70935.25200000001	1.1186	1.7745	0.91	21.5572	21.2757	3.4603	2.5104	2.2713	1.1639	1.5762	40973.489	21415.5141	13499.2117	1221009.9722	638182.3202	-0.009731543624161045
002918.SZ	20210706	29.51	30.3	29.31	30.28	29.8	0.4800000000000004	1.6107	18748.25	55836.126	0.8755	1.3888	0.8	21.9044	21.6184	3.516	2.5508	2.3079	1.1455	1.5512	40973.489	21415.5141	13499.2117	1240677.2469	648461.7669	-0.00033025099075302387
002918.SZ	20210707	30.27	31.8	29.9	31.02	30.28	0.7399999999999984	2.4439	35547.52	110507.777	1.6599	2.6333	1.64	22.4397	22.1467	3.6019	2.6132	2.3643	1.1181	1.5142	40973.489	21415.5141	13499.2117	1270997.6288	664309.2474	0.010960670535138616
002918.SZ	20210708	31.36	31.47	30.2	30.24	31.02	-0.7800000000000011	-2.5145	19685.25	60249.32700000001	0.9192	1.4583	0.83	21.8755	21.5898	3.5114	2.5474	2.3049	1.147	1.5532	40973.489	21415.5141	13499.2117	1239038.3074	647605.1464	-0.0009920634920634122
002918.SZ	20210709	30.21	30.46	29.35	30.4	30.24	0.1600000000000001	0.5291	22891.51	68375.06	1.0689	1.6958	0.95	21.9912	21.704	3.53	2.5609	2.3171	1.1409	1.5451	40973.489	21415.5141	13499.2117	1245594.0656	651031.6286	0.001973684210526391
002918.SZ	20210712	30.46	30.68	29.35	29.58	30.4	-0.8200000000000003	-2.6974	25100.77	74887.712	1.1721	1.8594	1.04	21.398000000000003	21.1186	3.4347	2.4918	2.2546	1.1726	1.5879	40973.489	21415.5141	13499.2117	1211995.8046	633470.9071	-0.0027045300878971706
002918.SZ	20210713	29.5	30.08	29.36	30.01	29.58	0.4300000000000033	1.4537	12309.75	36698.078	0.5748	0.9119	0.5	21.7091	21.4256	3.4847	2.5281	2.2874	1.1558	1.5651	40973.489	21415.5141	13499.2117	1229614.4049	642679.5781	-0.0069976674441853
002918.SZ	20210714	29.8	30.06	29.31	29.32	30.01	-0.6900000000000013	-2.2992	11636.27	34343.589	0.5434	0.862	0.5	21.21	20.933000000000003	3.4045	2.4699	2.2348	1.183	1.602	40973.489	21415.5141	13499.2117	1201342.6975	627902.8734	-0.009890859481582508
002918.SZ	20210715	29.03	29.42	28.56	28.98	29.32	-0.3399999999999998	-1.1596	21316.01	61534.294	0.9954	1.5791	1.16	20.964	20.6902	3.3651	2.4413	2.2088	1.1968	1.6208	40973.489	21415.5141	13499.2117	1187411.7112	620621.5986	0.00034506556245679813
002918.SZ	20210716	28.99	29.6	28.5	28.5	28.98	-0.4800000000000004	-1.6563	18065.11	52279.093	0.8436	1.3382	0.97	20.6168	20.3475	3.3093	2.4009	2.1723	1.217	1.6481	40973.489	21415.5141	13499.2117	1167744.4365	610342.1519	0.0
002918.SZ	20210719	28.5	28.88	27.8	28.01	28.5	-0.4899999999999984	-1.7193	18056.56	50700.732	0.8432	1.3376	1.02	20.2623	19.9977	3.2524	2.3596	2.1349	1.2383	1.6769	40973.489	21415.5141	13499.2117	1147667.4269	599848.5499	-0.004641199571581669
002918.SZ	20210720	27.88	27.96	26.98	27.03	28.01	-0.9800000000000004	-3.4988	25208.81	68573.973	1.1771	1.8674	1.55	19.5534	19.298	3.1386	2.277	2.0602	1.2832	1.7377	40973.489	21415.5141	13499.2117	1107513.4077	578861.3461	0.0
002918.SZ	20210721	27.03	27.56	26.66	26.7	27.03	-0.3300000000000018	-1.2209	34753.24	93922.268	1.6228	2.5745	1.84	19.3147	19.0624	3.1003	2.2492	2.0351	1.2990000000000002	1.7592	40973.489	21415.5141	13499.2117	1093992.1563	571794.2265	0.0018726591760299892
002918.SZ	20210722	26.75	26.95	26.51	26.55	26.7	-0.1499999999999985	-0.5618	18746.2	50037.865	0.8754	1.3887	0.8	19.2062	18.9553	3.0829	2.2366	2.0236	1.3064	1.7691	40973.489	21415.5141	13499.2117	1087846.133	568581.8994	-0.0011299435028249015
002918.SZ	20210723	26.52	26.54	25.2	25.78	26.55	-0.7699999999999996	-2.9002	40949.45	105511.12	1.9121	3.0335	1.78	18.6491	18.4056	2.9935	2.1717	1.9649	1.3454	1.822	40973.489	21415.5141	13499.2117	1056296.5464	552091.9535	0.0019394879751744435
002918.SZ	20210726	25.83	25.87	23.7	24.56	25.78	-1.2200000000000024	-4.7324	53303.84	130749.961	2.489	3.9487	1.94	17.7666	17.5346	2.8518	2.069	1.872	1.4122	1.9125	40973.489	21415.5141	13499.2117	1006308.8898	525965.0263	-0.010586319218240962
002918.SZ	20210727	24.3	24.78	23.78	23.79	24.56	-0.7699999999999996	-3.1352	33620.26	81606.151	1.5699	2.4905	0.97	17.2096	16.9848	2.7624	2.0041	1.8133	1.4579	1.9744	40973.489	21415.5141	13499.2117	974759.3033	509475.0804	0.0004203446826398303
002918.SZ	20210728	23.8	24.18	22.8	23.38	23.79	-0.4100000000000001	-1.7234	46370.09	107574.988	2.1653	3.435	1.28	16.913	16.6921	2.7148	1.9696	1.7819999999999998	1.4835	2.009	40973.489	21415.5141	13499.2117	957960.1728	500694.7197	0.005132591958939307
002918.SZ	20210729	23.5	24.5	23.38	23.49	23.38	0.1099999999999994	0.4705	26612.21	63456.574	1.2427	1.9714	0.69	16.9926	16.7707	2.7276	1.9788	1.7904	1.4766	1.9996	40973.489	21415.5141	13499.2117	962467.2566	503050.4262	0.013197105151128237
002918.SZ	20210730	23.8	23.94	23.19	23.7	23.49	0.2100000000000008	0.894	27641.97	65345.649000000005	1.2907	2.0477	0.69	17.1445	16.9206	2.752	1.9965	1.8064	1.4635	1.9819	40973.489	21415.5141	13499.2117	971071.6893	507547.6842	-0.0004219409282699583
002918.SZ	20210802	23.69	24.09	23.09	24.03	23.7	0.3300000000000018	1.3924	38863.48	91913.81	1.8147	2.8789	1.04	17.3832	17.1562	2.7903	2.0243	1.8316	1.4434	1.9546	40973.489	21415.5141	13499.2117	984592.9407	514614.8038	-0.017478152309613054
002918.SZ	20210803	23.61	24.66	23.61	24.42	24.03	0.3900000000000005	1.6230000000000002	33811.3	82119.473	1.5788	2.5047	0.98	17.6653	17.4346	2.8356	2.0572	1.8613	1.4203	1.9234	40973.489	21415.5141	13499.2117	1000572.6014	522966.8543	-0.0016380016380017485
002918.SZ	20210804	24.38	24.56	23.77	23.89	24.42	-0.5300000000000011	-2.1704	27111.66	64945.549000000006	1.266	2.0084	0.78	17.2819	17.0562	2.774	2.0125	1.8209	1.4518	1.9661	40973.489	21415.5141	13499.2117	978856.6522	511616.6318	-0.007953118459606584
002918.SZ	20210805	23.7	24.15	23.39	23.61	23.89	-0.2800000000000011	-1.172	15281.21	36279.272	0.7136	1.132	0.5	17.0794	16.8563	2.7415	1.9889	1.7995	1.4691	1.9894	40973.489	21415.5141	13499.2117	967384.0753	505620.2879	0.0008470986869970171
002918.SZ	20210806	23.63	23.73	22.84	23.37	23.61	-0.2399999999999984	-1.0165	25330.69	58509.009000000005	1.1828	1.8765	0.89	16.9058	16.685	2.7137	1.9687	1.7813	1.4841	2.0098	40973.489	21415.5141	13499.2117	957550.4379	500480.5645	0.0
002918.SZ	20210809	23.37	25.44	23.15	25.24	23.37	1.8699999999999968	8.0017	54984.49	136116.283	2.5675	4.0732	1.96	18.2585	18.0201	2.9308	2.1262	1.9238	1.3742	1.8609	40973.489	21415.5141	13499.2117	1034170.8624	540527.5759	0.0
002918.SZ	20210810	25.24	25.85	24.79	25.53	25.24	0.2900000000000027	1.149	41498.69	105397.469	1.9378	3.0742	1.33	18.4683	18.2271	2.9645	2.1507	1.9459	1.3586	1.8398	40973.489	21415.5141	13499.2117	1046053.1742	546738.075	-0.00509204857030954
002918.SZ	20210811	25.4	27.89	25.03	27.74	25.53	2.2099999999999973	8.6565	81412.9	221410.873	3.8016	6.0309	2.48	20.067	19.8049	3.2211	2.3368	2.1143	1.2503	1.6932	40973.489	21415.5141	13499.2117	1136604.5849	594066.3611	0.02739726027397266
002918.SZ	20210812	28.5	28.5	27.01	28.13	27.74	0.3900000000000005	1.4059	64533.43	179440.68399999998	3.0134	4.7805	1.48	20.3491	20.0834	3.2664	2.3697	2.1441	1.233	1.6697	40973.489	21415.5141	13499.2117	1152584.2456	602418.4116	0.0017774617845716571
002918.SZ	20210813	28.18	28.9	28.18	28.87	28.13	0.7400000000000021	2.6306	56856.25	162892.657	2.6549	4.2118	1.06	20.8844	20.6117	3.3523	2.432	2.2005	1.2014	1.6269	40973.489	21415.5141	13499.2117	1182904.6274	618265.8921	-0.03013508832698306
002918.SZ	20210816	28.0	28.49	27.32	27.72	28.87	-1.150000000000002	-3.9834	48146.4	133670.591	2.2466	3.5666	0.8	20.0602	19.7982	3.2186	2.3361	2.1136	1.2512	1.6944	40989.194	21431.2191	13499.2117	1136220.4577	594073.3935	-0.015151515151515086
002918.SZ	20210817	27.3	27.99	27.1	27.26	27.72	-0.4599999999999973	-1.6595	39659.64	109249.081	1.8506	2.9379	0.68	19.7273	19.4697	3.1652	2.2973	2.0785	1.2724	1.723	40989.194	21431.2191	13499.2117	1117365.4284	584215.0327	0.0
002918.SZ	20210818	27.26	28.3	25.9	27.97	27.26	0.7099999999999973	2.6045	42855.21	116718.386	1.9997	3.1746	0.74	20.2411	19.9768	3.2476	2.3571	2.1327	1.2401	1.6793	40989.194	21431.2191	13499.2117	1146467.7562	599431.1982	-0.013228459063281997
002918.SZ	20210819	27.6	27.8	26.57	26.86	27.97	-1.1099999999999994	-3.9685	16535.14	44720.922	0.7715	1.2249	0.33	19.4379	19.184	3.1188	2.2636	2.048	1.2913	1.7487	40989.194	21431.2191	13499.2117	1100969.7508	575642.545	-0.012285927029039401
002918.SZ	20210820	26.53	26.89	25.75	26.41	26.86	-0.4499999999999993	-1.6754	21166.35	55399.82	0.9876	1.568	0.52	19.1122	18.8626	3.0665	2.2257	2.0137	1.3133	1.7785	40989.194	21431.2191	13499.2117	1082524.6135	565998.4964	0.00378644452858771
002918.SZ	20210823	26.51	28.25	26.51	27.4	26.41	0.9899999999999984	3.7486	25860.7	71135.637	1.2067	1.9157	0.77	19.8286	19.5697	3.1815	2.3091	2.0892	1.2658	1.7142	40989.194	21431.2191	13499.2117	1123103.9156	587215.4033	0.0
002918.SZ	20210824	27.4	27.9	26.82	27.58	27.4	0.1799999999999997	0.6569	23180.49	63239.103	1.0816	1.7172	0.79	19.9589	19.6983	3.2024	2.3243	2.1029	1.2576	1.703	40989.194	21431.2191	13499.2117	1130481.9705	591073.0228	0.0007251631617114985
002918.SZ	20210825	27.6	27.9	27.12	27.43	27.58	-0.1499999999999985	-0.5439	13746.54	37651.43	0.6414	1.0183	0.53	19.8504	19.5911	3.1849	2.3116	2.0915	1.2645	1.7124	40989.194	21431.2191	13499.2117	1124333.5914	587858.3399	0.05905942398833398
002918.SZ	20210826	29.05	29.69	27.99	28.02	27.43	0.5899999999999999	2.1509	49808.59	143591.208	2.3256	3.6897	2.48	20.2773	18.1752	3.2101	2.3613	1.8655	1.2377	1.6761	40989.194	21417.4491	13499.2117	1148517.2159	600116.9238	-0.0042826552462527125
002918.SZ	20210827	27.9	28.0	26.76	27.09	28.02	-0.9299999999999996	-3.3191	38250.48	103829.54	1.7859	2.8356	1.43	19.6043	17.572	3.1036	2.283	1.8035	1.2802	1.7337	40989.194	21417.4491	13489.5916	1110397.2655	580198.6961	-0.014396456256921394
002918.SZ	20210830	26.7	28.56	26.67	28.22	27.09	1.129999999999999	4.1713	51938.16	145509.815	2.425	3.8502	1.72	20.4221	18.305	3.233	2.3782	1.8788	1.2289	1.6642	40989.194	21417.4491	13489.5916	1156715.0547	604400.4136	0.0038979447200566775
002918.SZ	20210831	28.33	29.33	28.0	28.62	28.22	0.4000000000000021	1.4174	42730.81	122880.101	1.9951	3.1677	1.21	20.7115	18.5644	3.2789	2.4119	1.9054	1.2118	1.641	40989.194	21417.4491	13489.5916	1173110.7323	612967.3932	0.014325646401118103
002918.SZ	20210901	29.03	29.07	27.8	28.9	28.62	0.2799999999999976	0.9783	42296.1	121046.067	1.9748	3.1355	1.08	20.9142	18.746	3.3110000000000004	2.4355	1.924	1.2	1.6251	40989.194	21417.4491	13489.5916	1184587.7066	618964.279	-0.0017301038062282755
002918.SZ	20210902	28.85	29.36	28.4	29.1	28.9	0.2000000000000028	0.6920000000000001	25333.52	73645.535	1.1828	1.878	0.56	21.0589	18.8758	3.3339	2.4523	1.9374	1.1918	1.6139	40989.194	21417.4491	13489.5916	1192785.5454	623247.7688	0.0030927835051546343
002918.SZ	20210903	29.19	29.2	27.11	28.61	29.1	-0.490000000000002	-1.6838	64680.77	180326.079	3.02	4.7949	1.61	20.7043	18.5579	3.2777	2.4111	1.9047	1.2122	1.6416	40989.194	21417.4491	13489.5916	1172700.8403	612753.2188	-0.010136315973435832
002918.SZ	20210906	28.32	29.29	28.02	28.85	28.61	0.2400000000000019	0.8389	32128.4	92599.865	1.5001	2.3817	0.71	20.878	18.7136	3.3052	2.4313	1.9207	1.2021	1.6279	40989.194	21417.4491	13489.5916	1182538.2469	617893.4065	0.014211438474870022
002918.SZ	20210907	29.26	29.26	28.53	28.63	28.85	-0.2200000000000024	-0.7626	24276.54	69688.257	1.1335	1.7996	0.59	20.7188	18.5709	3.28	2.4127	1.9061	1.2113	1.6404	40989.194	21417.4491	13489.5916	1173520.6242	613181.5677	-0.008033531260915138
002918.SZ	20210908	28.4	29.26	28.36	28.69	28.63	0.0600000000000022	0.2096	23613.65	68077.979	1.1025	1.7505	0.63	20.7622	18.6098	3.2869	2.4178	1.9101	1.2088	1.6369999999999998	40989.194	21417.4491	13489.5916	1175979.9759	614466.6147	0.0038340885325897326
002918.SZ	20210909	28.8	28.85	28.25	28.3	28.69	-0.3900000000000005	-1.3594	19137.72	54575.421	0.8936	1.4187	0.56	20.4799	18.3568	3.2422	2.3849	1.8841	1.2255	1.6595	40989.194	21417.4491	13489.5916	1159994.1902	606113.8095	0.006360424028268541
002918.SZ	20210910	28.48	29.19	28.31	28.7	28.3	0.3999999999999986	1.4134	21569.39	62201.815	1.0071	1.599	0.66	20.7694	18.6163	3.2880000000000003	2.4186	1.9107	1.2084	1.6364	40989.194	21417.4491	13489.5916	1176389.8678	614680.7892	-0.0017421602787456693
002918.SZ	20210913	28.65	28.65	27.72	27.81	28.7	-0.8900000000000006	-3.1010000000000004	23966.37	66894.089	1.119	1.7767	0.99	20.1253	18.039	3.1861	2.3436	1.8515	1.2471	1.6888	40989.194	21417.4491	13489.5916	1139909.4851	595619.2595	-0.011147069399496539
002918.SZ	20210914	27.5	27.5	25.26	25.49	27.81	-2.3200000000000003	-8.3423	72698.93	188487.79	3.3944	5.3893	3.23	18.4464	16.5341	2.9203	2.1481	1.6969999999999998	1.3602	1.842	40989.194	21417.4491	13489.5916	1044814.5551	545930.7776	-0.019223224794036816
002918.SZ	20210915	25.0	25.48	23.91	24.0	25.49	-1.4899999999999984	-5.8454	53493.25	130070.161	2.4976	3.9655	1.66	17.3682	15.5676	2.7496	2.0226	1.5978	1.4446	1.9563	40989.194	21417.4491	13489.5916	983740.656	514018.7784	0.0
002918.SZ	20210916	24.0	24.0	22.85	22.91	24.0	-1.09	-4.5417	55006.2	127978.684	2.5683	4.0777	1.44	16.5794	14.8606	2.6247	1.9307	1.5253	1.5134	2.0494	40989.194	21417.4491	13489.5916	939062.4345	490673.7589	-0.000436490615451836
002918.SZ	20210917	22.9	23.77	22.28	22.56	22.91	-0.3500000000000014	-1.5277	48101.14	110355.416	2.2459	3.5658	1.06	16.3261	14.6336	2.5846	1.9012	1.5019999999999998	1.5368	2.0812	40989.194	21417.4491	13489.5916	924716.2166	483177.6517	-0.0008865248226950166
002918.SZ	20210922	22.54	22.88	22.3	22.66	22.56	0.1000000000000014	0.4433	28648.48	64965.163	1.3376	2.1237	0.57	16.3984	14.6984	2.5961	1.9096	1.5086	1.5301	2.072	40989.194	21417.4491	13489.5916	928815.136	485319.3966	0.0061782877316858146
002918.SZ	20210923	22.8	23.14	22.57	22.87	22.66	0.2100000000000008	0.9267	27607.04	63129.621	1.289	2.0465	0.54	16.5504	14.8347	2.6201	1.9273	1.5226	1.516	2.053	40989.194	21417.4491	13489.5916	937422.8668	489817.0609	0.0
002918.SZ	20210924	22.87	22.96	21.97	22.1	22.87	-0.7699999999999996	-3.3669	34190.66	76531.327	1.5964	2.5324	0.8	16.1656	14.4898	2.5115	1.8825	1.4872	1.5521	2.1019	41431.194	21417.4491	13501.1466	915629.3874	473325.6251	0.001809954751131183
002918.SZ	20210927	22.14	22.28	21.39	21.7	22.1	-0.4000000000000021	-1.81	35780.04	77763.604	1.6706	2.6501	0.92	15.873	14.2275	2.466	1.8484	1.4603	1.5807	2.1406	41431.194	21417.4491	13501.1466	899056.9098	464758.6455	0.0069124423963134625
002918.SZ	20210928	21.85	21.92	21.53	21.58	21.7	-0.1200000000000009	-0.5529999999999999	25309.29	54970.549000000006	1.1817	1.8746	0.73	15.7853	14.1488	2.4524	1.8382	1.4522	1.5895	2.1525	41431.194	21417.4491	13501.1466	894085.1665	462188.5516	-0.012974976830398405
002918.SZ	20210929	21.3	21.83	21.11	21.43	21.58	-0.1499999999999985	-0.6951	27684.19	59829.141	1.2926	2.0505	0.91	15.6755	14.0505	2.4353	1.8254	1.4421	1.6006	2.1676	41431.194	21417.4491	13501.1466	887870.4874	458975.9342	0.003266448903406453
002918.SZ	20210930	21.5	21.88	21.32	21.8	21.43	0.370000000000001	1.7266	27869.19	60435.723	1.3012	2.0642	0.93	15.9462	14.2931	2.4774	1.857	1.467	1.5734	2.1308	41431.194	21417.4491	13501.1466	903200.0292	466900.3904	0.00045871559633018396
002918.SZ	20211008	21.81	22.38	21.81	22.38	21.8	0.5799999999999983	2.6606	20080.77	44467.672	0.9376	1.4873	0.67	16.3704	14.6734	2.5433	1.9064	1.506	1.5327	2.0756	41431.194	21417.4491	13501.1466	927230.1217	479322.5109	0.013404825737265447
002918.SZ	20211011	22.68	22.69	21.37	21.47	22.38	-0.91	-4.0661	44941.02	97686.318	2.0983	3.3287	1.64	15.7048	14.0767	2.4399	1.8289	1.4448	1.5976	2.1635	41431.194	21417.4491	13501.1466	889527.7352	459832.6322	-0.007918025151373924
002918.SZ	20211012	21.3	21.61	20.89	21.24	21.47	-0.2300000000000004	-1.0713	33017.74	70182.26	1.5416	2.4456	1.13	15.5366	13.9259	2.4138	1.8093	1.4293	1.6149	2.187	41431.194	21417.4491	13501.1466	879998.5606	454906.6189	0.0
002918.SZ	20211013	21.24	21.55	21.14	21.51	21.24	0.2700000000000031	1.2712	20763.37	44263.941	0.9695	1.5379	0.68	15.7341	14.103	2.4444	1.8323	1.4475	1.5947	2.1595	41431.194	21417.4491	13501.1466	891184.9829	460689.3301	0.0
002918.SZ	20211014	21.51	21.65	21.22	21.39	21.51	-0.1200000000000009	-0.5579	16832.05	36074.065	0.7859	1.2467	0.57	15.6463	14.0243	2.4308	1.822	1.4394	1.6036	2.1716	41431.194	21417.4491	13501.1466	886213.2397	458119.2362	0.0004675081813930814
002918.SZ	20211015	21.4	21.72	21.16	21.68	21.39	0.2899999999999991	1.3558	23222.69	49725.008	1.0843	1.7201	0.86	15.8584	14.2144	2.4638	1.8467	1.4589	1.5822	2.1426	41431.194	21417.4491	13501.1466	898228.2859	464330.2965	0.0027675276752766936
002918.SZ	20211018	21.74	21.74	21.03	21.28	21.68	-0.3999999999999986	-1.845	24134.43	51162.177	1.1269	1.7876	0.87	15.5658	13.9522	2.4183	1.8127	1.432	1.6119	2.1828	41431.194	21417.4491	13501.1466	881655.8083	455763.3168	0.0014097744360901119
002918.SZ	20211019	21.31	21.55	21.25	21.29	21.28	0.009999999999998	0.047	19649.0	41982.629	0.9174	1.4554	0.83	15.5731	13.9587	2.4194	1.8135	1.4327	1.6111	2.1818	41431.194	21417.4491	13501.1466	882070.1203	455977.4913	0.0028182245185534183
002918.SZ	20211020	21.35	21.41	20.51	20.66	21.29	-0.629999999999999	-2.9591	31671.23	66006.69	1.4788	2.3458	1.51	15.1123	13.5457	2.3478	1.7599	1.3903	1.6603	2.2484	41431.194	21417.4491	13501.1466	855968.468	442484.4984	0.0043562439496611744
002918.SZ	20211021	20.75	21.6	20.75	21.07	20.66	0.4100000000000001	1.9845	29840.51	63089.154	1.3933	2.2102	1.29	15.4122	13.8145	2.3944	1.7948	1.4179	1.628	2.2046	41431.194	21417.4491	13501.1466	872955.2576	451265.6525	0.0014238253440911788
002918.SZ	20211022	21.1	23.18	21.08	23.18	21.07	2.1099999999999994	10.0142	64396.64	145163.978	3.0067	4.7697	2.51	16.9556	15.1979	2.6342	1.9745	1.5599	1.4798	2.0039	41431.194	21417.4491	13501.1466	960375.0769	496456.4701	-0.01984469370146682
002918.SZ	20211025	22.72	23.3	21.93	22.37	23.18	-0.8099999999999987	-3.4944	95263.19	213132.342	4.4479	7.0559	2.81	16.3631	14.6668	2.5422	1.9055	1.5054	1.5334	2.0765	41431.194	21417.4491	13501.1466	926815.8098	479108.3364	-0.003129190880643732
002918.SZ	20211026	22.3	22.53	21.72	22.02	22.37	-0.3500000000000014	-1.5646	44299.19	97376.152	2.0684	3.2811	0.92	16.1071	14.4373	2.5024	1.8757	1.4818	1.5577	2.1095	41431.194	21417.4491	13501.1466	912314.8919	471612.2292	-0.009990917347865525
002918.SZ	20211027	21.8	21.9	20.0	20.01	22.02	-2.009999999999998	-9.1281	91078.81	187123.841	4.2526	6.746	1.72	14.6368	13.7139	2.2289	1.7045	1.2844	1.7142	2.3214	41431.194	21417.4491	13501.1466	829038.1919	428563.1565	-0.02548725637181417
002918.SZ	20211028	19.5	19.7	18.95	19.0	20.01	-1.0100000000000016	-5.0475	53747.12	103319.784	2.5095	3.9809	0.83	13.8981	13.0217	2.1164	1.6185	1.2195	1.8053	2.4448	41431.194	21417.4491	13501.1466	787192.686	406931.5329	0.001052631578947346
002918.SZ	20211029	19.02	19.64	18.93	19.03	19.0	0.0300000000000011	0.1579	38968.83	74744.91900000001	1.8195	2.8863	0.56	13.92	13.0422	2.1197	1.621	1.2215	1.8025	2.4409	41431.194	21417.4491	13501.1466	788435.6218	407574.0564	-0.005780346820809218
002918.SZ	20211101	18.92	19.7	18.78	19.29	19.03	0.259999999999998	1.3663	52032.38	100559.293	2.4294	3.8539	0.8	14.1102	13.2204	2.1487	1.6432	1.2382	1.7782	2.408	41431.194	21417.4491	13501.1466	799207.7323	413142.5931	0.0
002918.SZ	20211102	19.29	20.11	19.14	19.51	19.29	0.2200000000000024	1.1405	47744.18	93670.883	2.2292	3.5363	0.85	14.2711	13.3712	2.1732	1.6619	1.2523	1.7581	2.3809	41431.194	21417.4491	13501.1466	808322.5949	417854.4319	-0.00205023065094837
002918.SZ	20211103	19.47	19.68	19.21	19.6	19.51	0.0899999999999998	0.4613	25761.8	50087.304	1.2028	1.9081	0.45	14.3369	13.4329	2.1832	1.6696	1.2581	1.7501	2.3699	41431.194	21417.4491	13501.1466	812051.4024	419782.0024	-0.0010204081632654656
002918.SZ	20211104	19.58	19.65	19.23	19.56	19.6	-0.0400000000000027	-0.2041	28757.52	56035.311	1.3427	2.13	0.66	14.3077	13.4055	2.1788	1.6662	1.2555	1.7536	2.3748	41431.194	21417.4491	13501.1466	810394.1546	418925.3044	0.0015337423312884017
002918.SZ	20211105	19.59	19.75	19.3	19.41	19.56	-0.1499999999999985	-0.7669	27265.29	53245.131	1.273	2.0195	0.71	14.198	13.3027	2.1621	1.6534	1.2459	1.7672	2.3931	41431.194	21417.4491	13501.1466	804179.4755	415712.687	-0.004636785162287473
002918.SZ	20211108	19.32	19.41	18.85	19.0	19.41	-0.4100000000000001	-2.1123	32882.38	62577.601	1.5353	2.4355	0.91	13.8981	13.0217	2.1164	1.6185	1.2195	1.8053	2.4448	41431.194	21417.4491	13501.1466	787192.686	406931.5329	0.04789473684210527
002918.SZ	20211109	19.91	20.65	19.45	19.88	19.0	0.879999999999999	4.6316	63854.98	127369.963	2.9811	4.7296	1.97	14.5427	13.6256	2.2144	1.6935	1.2761	1.7253	2.3364	41433.789	21420.0441	13501.1466	823703.7253	425830.4767	-0.01509054325955738
002918.SZ	20211110	19.58	20.18	19.25	19.52	19.88	-0.3599999999999994	-1.8109	31865.38	62263.4	1.4876	2.3597	0.89	14.2793	13.3789	2.1743	1.6629	1.253	1.7571	2.3795	41433.789	21420.0441	13503.7416	808787.5613	418119.2608	0.03278688524590167
002918.SZ	20211111	20.16	21.47	19.82	21.47	19.52	1.9499999999999995	9.9898	113671.27	237725.063	5.3068	8.4178	3.08	15.7058	14.7154	2.3915	1.829	1.3782	1.5975	2.1634	41433.789	21420.0441	13503.7416	889583.4498	459888.3468	-0.00046576618537484915
002918.SZ	20211112	21.46	22.72	21.21	21.86	21.47	0.3900000000000005	1.8165	121984.82	268937.805	5.6949	9.0334	2.26	15.9911	14.9827	2.4349	1.8622	1.4032	1.569	2.1248	41433.789	21420.0441	13503.7416	905742.6275	468242.164	-0.00960658737419949
002918.SZ	20211115	21.65	22.24	21.25	22.23	21.86	0.370000000000001	1.6926	59400.14	129899.082	2.7731	4.3988	0.82	16.2617	15.2363	2.4762	1.8937	1.427	1.5429	2.0894	41433.789	21420.0441	13503.7416	921073.1295	476167.5803	-0.003598740440845787
002918.SZ	20211116	22.15	22.2	21.38	21.46	22.23	-0.7699999999999996	-3.4638	42597.0	92086.743	1.9887	3.1545	0.55	15.6985	14.7086	2.3904	1.8281	1.3775	1.5983	2.1644	41433.789	21420.0441	13503.7416	889169.1119	459674.1464	0.00139794967381163
002918.SZ	20211117	21.49	21.7	21.12	21.34	21.46	-0.120000000000001	-0.5592	28813.79	61434.866	1.3452	2.1338	0.39	15.6107	14.6263	2.377	1.8179	1.3698	1.6073	2.1766	41433.789	21420.0441	13503.7416	884197.0573	457103.7411	-0.0037488284910964526
002918.SZ	20211118	21.26	21.53	21.0	21.02	21.34	-0.3200000000000003	-1.4995	27155.52	57621.045	1.2678	2.011	0.37	15.3766	14.407	2.3414	1.7906	1.3493	1.6317	2.2097	41433.789	21420.0441	13503.7416	870938.2448	450249.327	-0.005708848715509087
002918.SZ	20211119	20.9	22.62	20.85	22.1	21.02	1.0800000000000018	5.138	56022.1	121854.355	2.6154	4.1486	1.0	16.1666	15.1472	2.4617	1.8826	1.4186	1.552	2.1017	41433.789	21420.0441	13503.7416	915686.7369	473382.9746	-0.013574660633484194
002918.SZ	20211122	21.8	23.02	21.66	22.54	22.1	0.4399999999999977	1.991	62653.35	140537.847	2.925	4.6397	1.46	16.4885	15.4488	2.5107	1.9201	1.4469	1.5217	2.0607	41433.789	21420.0441	13503.7416	933917.6041	482807.794	0.00976042590949434
002918.SZ	20211123	22.76	22.88	22.17	22.7	22.54	0.1600000000000001	0.7098	38697.67	87252.395	1.8066	2.8657	0.89	16.6056	15.5585	2.5285	1.9338	1.4571	1.511	2.0462	41433.789	21420.0441	13503.7416	940547.0103	486235.0011	-0.01013215859030839
002918.SZ	20211124	22.47	24.1	22.4	23.9	22.7	1.1999999999999993	5.2863	53695.42	126532.666	2.5068	3.9763	1.26	17.4834	16.3809	2.6622	2.036	1.5342	1.4351	1.9434	41433.789	21420.0441	13503.7416	990267.5571	511939.054	0.0016736401673641298
002918.SZ	20211125	23.94	24.27	23.15	24.21	23.9	0.3100000000000023	1.2971	59985.2	142460.177	2.8004	4.4421	1.26	17.7102	16.5934	2.6967	2.0624	1.5541	1.4167	1.9185	41433.789	21420.0441	13503.7416	1003112.0317	518579.2677	0.0004130524576620409
002918.SZ	20211126	24.22	24.76	23.65	24.38	24.21	0.1699999999999981	0.7022	54875.18	132363.996	2.5619	4.0637	1.01	17.8345	16.7099	2.7156	2.0769	1.565	1.4068	1.9052	41433.789	21420.0441	13503.7416	1010155.7758	522220.6752	
